Price,Adj Close,Close,High,Low,Open,Volume
Ticker,HAS,HAS,HAS,HAS,HAS,HAS
Date,,,,,,
1995-01-03,6.409233570098877,12.833333015441896,12.944443702697754,12.722222328186035,12.944443702697754,217125
1995-01-04,6.436979293823242,12.88888931274414,12.944443702697754,12.666666984558104,12.833333015441896,928125
1995-01-05,6.381493091583252,12.777777671813965,12.833333015441896,12.666666984558104,12.777777671813965,175500
1995-01-06,6.353745460510254,12.722222328186035,12.777777671813965,12.61111068725586,12.777777671813965,178200
1995-01-09,6.3259992599487305,12.666666984558104,12.722222328186035,12.666666984558104,12.666666984558104,88200
1995-01-10,6.353745460510254,12.722222328186035,12.777777671813965,12.666666984558104,12.666666984558104,242325
1995-01-11,6.353745460510254,12.722222328186035,12.777777671813965,12.666666984558104,12.777777671813965,330525
1995-01-12,6.3259992599487305,12.666666984558104,12.722222328186035,12.666666984558104,12.722222328186035,320625
1995-01-13,6.353745460510254,12.722222328186035,12.777777671813965,12.666666984558104,12.666666984558104,470250
1995-01-16,6.409233570098877,12.833333015441896,12.833333015441896,12.666666984558104,12.722222328186035,166950
1995-01-17,6.492471694946289,13.0,13.0,12.722222328186035,12.722222328186035,371250
1995-01-18,6.57570743560791,13.166666984558104,13.277777671813965,13.055556297302246,13.055556297302246,362025
1995-01-19,6.57570743560791,13.166666984558104,13.38888931274414,13.166666984558104,13.166666984558104,248625
1995-01-20,6.492471694946289,13.0,13.222222328186035,12.944443702697754,13.222222328186035,315450
1995-01-23,6.57570743560791,13.166666984558104,13.222222328186035,12.88888931274414,12.88888931274414,108450
1995-01-24,6.547966957092285,13.11111068725586,13.222222328186035,13.055556297302246,13.166666984558104,502875
1995-01-25,6.631202220916748,13.277777671813965,13.333333015441896,13.11111068725586,13.11111068725586,200925
1995-01-26,6.686695098876953,13.38888931274414,13.444443702697754,13.222222328186035,13.222222328186035,395325
1995-01-27,6.603456020355225,13.222222328186035,13.555556297302246,13.166666984558104,13.5,233325
1995-01-30,6.5912184715271,13.166666984558104,13.166666984558104,12.944443702697754,13.166666984558104,237600
1995-01-31,6.7024664878845215,13.38888931274414,13.444443702697754,13.055556297302246,13.055556297302246,796050
1995-02-01,6.5912184715271,13.166666984558104,13.444443702697754,13.166666984558104,13.444443702697754,159975
1995-02-02,6.479973793029785,12.944443702697754,13.166666984558104,12.944443702697754,13.11111068725586,490500
1995-02-03,6.535600185394287,13.055556297302246,13.055556297302246,12.944443702697754,13.0,125775
1995-02-06,6.535600185394287,13.055556297302246,13.055556297302246,12.944443702697754,13.055556297302246,515475
1995-02-07,6.619028091430664,13.222222328186035,13.222222328186035,13.055556297302246,13.11111068725586,252450
1995-02-08,6.563408851623535,13.11111068725586,13.222222328186035,13.11111068725586,13.166666984558104,352350
1995-02-09,6.7302775382995605,13.444443702697754,13.5,13.222222328186035,13.222222328186035,421650
1995-02-10,6.952765464782715,13.88888931274414,13.88888931274414,13.5,13.5,313650
1995-02-13,7.036196231842041,14.055556297302246,14.166666984558104,13.777777671813965,13.88888931274414,382500
1995-02-14,7.203063011169434,14.38888931274414,14.5,14.055556297302246,14.055556297302246,940725
1995-02-15,7.064006328582764,14.11111068725586,14.444443702697754,14.11111068725586,14.444443702697754,626850
1995-02-16,7.036196231842041,14.055556297302246,14.11111068725586,13.944443702697754,14.11111068725586,157050
1995-02-17,7.064006328582764,14.11111068725586,14.222222328186035,14.055556297302246,14.11111068725586,134100
1995-02-21,6.980574131011963,13.944443702697754,14.11111068725586,13.944443702697754,14.11111068725586,88875
1995-02-22,6.980574131011963,13.944443702697754,14.0,13.88888931274414,13.944443702697754,271800
1995-02-23,6.980574131011963,13.944443702697754,14.0,13.88888931274414,13.944443702697754,119025
1995-02-24,7.008383274078369,14.0,14.0,13.88888931274414,13.944443702697754,101700
1995-02-27,7.008383274078369,14.0,14.0,13.88888931274414,13.944443702697754,93825
1995-02-28,7.008383274078369,14.0,14.0,13.88888931274414,14.0,124650
1995-03-01,6.952765464782715,13.88888931274414,14.0,13.88888931274414,14.0,111825
1995-03-02,7.119626522064209,14.222222328186035,14.222222328186035,13.833333015441896,13.833333015441896,109575
1995-03-03,7.064006328582764,14.11111068725586,14.38888931274414,14.11111068725586,14.222222328186035,761850
1995-03-06,7.064006328582764,14.11111068725586,14.11111068725586,14.0,14.055556297302246,132750
1995-03-07,6.8971381187438965,13.777777671813965,14.055556297302246,13.777777671813965,14.0,249075
1995-03-08,6.952765464782715,13.88888931274414,13.944443702697754,13.833333015441896,13.833333015441896,129600
1995-03-09,6.952765464782715,13.88888931274414,13.944443702697754,13.777777671813965,13.833333015441896,103725
1995-03-10,7.036196231842041,14.055556297302246,14.11111068725586,13.944443702697754,13.944443702697754,108900
1995-03-13,7.008383274078369,14.0,14.166666984558104,13.944443702697754,14.11111068725586,805725
1995-03-14,6.7858967781066895,13.555556297302246,13.944443702697754,13.333333015441896,13.944443702697754,1345950
1995-03-15,6.813704013824463,13.61111068725586,13.666666984558104,13.444443702697754,13.555556297302246,546975
1995-03-16,7.064006328582764,14.11111068725586,14.222222328186035,13.944443702697754,14.055556297302246,2753100
1995-03-17,7.119626522064209,14.222222328186035,14.222222328186035,14.11111068725586,14.11111068725586,1457325
1995-03-20,7.091814041137695,14.166666984558104,14.222222328186035,14.11111068725586,14.166666984558104,534600
1995-03-21,7.091814041137695,14.166666984558104,14.222222328186035,14.11111068725586,14.166666984558104,544050
1995-03-22,7.119626522064209,14.222222328186035,14.277777671813965,14.166666984558104,14.222222328186035,396900
1995-03-23,7.119626522064209,14.222222328186035,14.38888931274414,14.222222328186035,14.277777671813965,391050
1995-03-24,7.28649377822876,14.555556297302246,14.61111068725586,14.222222328186035,14.277777671813965,776700
1995-03-27,7.453363418579102,14.88888931274414,15.0,14.61111068725586,14.61111068725586,400050
1995-03-28,7.481173038482666,14.944443702697754,14.944443702697754,14.777777671813965,14.777777671813965,441450
1995-03-29,7.508983135223389,15.0,15.0,14.88888931274414,14.944443702697754,297900
1995-03-30,7.508983135223389,15.0,15.0,14.88888931274414,14.944443702697754,562725
1995-03-31,7.508983135223389,15.0,15.055556297302246,14.777777671813965,14.88888931274414,273150
1995-04-03,7.508983135223389,15.0,15.11111068725586,14.944443702697754,15.0,234900
1995-04-04,7.620229244232178,15.222222328186035,15.222222328186035,14.88888931274414,15.0,256950
1995-04-05,7.592416286468506,15.166666984558104,15.222222328186035,15.11111068725586,15.166666984558104,444600
1995-04-06,7.508983135223389,15.0,15.166666984558104,14.944443702697754,15.166666984558104,125100
1995-04-07,7.481173038482666,14.944443702697754,15.0,14.88888931274414,15.0,224550
1995-04-10,7.508983135223389,15.0,15.0,14.944443702697754,14.944443702697754,336825
1995-04-11,7.481173038482666,14.944443702697754,15.055556297302246,14.833333015441896,15.055556297302246,363150
1995-04-12,7.453363418579102,14.88888931274414,15.0,14.833333015441896,14.88888931274414,825750
1995-04-13,7.342118263244629,14.666666984558104,14.88888931274414,14.666666984558104,14.833333015441896,311175
1995-04-17,7.230871677398682,14.444443702697754,14.777777671813965,14.444443702697754,14.722222328186035,234900
1995-04-18,7.091814041137695,14.166666984558104,14.5,14.055556297302246,14.444443702697754,1041300
1995-04-19,7.091814041137695,14.166666984558104,14.222222328186035,14.166666984558104,14.222222328186035,531225
1995-04-20,7.147438049316406,14.277777671813965,14.38888931274414,14.166666984558104,14.222222328186035,985950
1995-04-21,7.091814041137695,14.166666984558104,14.333333015441896,14.11111068725586,14.333333015441896,532800
1995-04-24,7.091814041137695,14.166666984558104,14.277777671813965,14.055556297302246,14.055556297302246,304200
1995-04-25,7.119626522064209,14.222222328186035,14.277777671813965,14.166666984558104,14.222222328186035,724050
1995-04-26,7.091814041137695,14.166666984558104,14.333333015441896,14.166666984558104,14.222222328186035,292050
1995-04-27,7.119626522064209,14.222222328186035,14.222222328186035,14.11111068725586,14.11111068725586,154800
1995-04-28,7.064006328582764,14.11111068725586,14.277777671813965,14.11111068725586,14.11111068725586,281925
1995-05-01,7.137612342834473,14.222222328186035,14.222222328186035,14.0,14.0,357525
1995-05-02,7.081851005554199,14.11111068725586,14.166666984558104,14.055556297302246,14.166666984558104,109575
1995-05-03,7.193373203277588,14.333333015441896,14.333333015441896,14.166666984558104,14.166666984558104,261450
1995-05-04,7.109731674194336,14.166666984558104,14.333333015441896,14.11111068725586,14.333333015441896,335025
1995-05-05,7.053971767425537,14.055556297302246,14.222222328186035,14.0,14.222222328186035,84600
1995-05-08,7.081851005554199,14.11111068725586,14.222222328186035,14.0,14.0,151425
1995-05-09,7.165493011474609,14.277777671813965,14.38888931274414,14.055556297302246,14.055556297302246,580725
1995-05-10,7.053971767425537,14.055556297302246,14.333333015441896,13.944443702697754,14.222222328186035,677925
1995-05-11,7.249139308929443,14.444443702697754,14.444443702697754,14.0,14.11111068725586,529650
1995-05-12,7.583713531494141,15.11111068725586,15.11111068725586,14.38888931274414,14.38888931274414,786150
1995-05-15,7.55583381652832,15.055556297302246,15.277777671813965,15.0,15.11111068725586,439875
1995-05-16,7.583713531494141,15.11111068725586,15.166666984558104,14.88888931274414,15.11111068725586,1029375
1995-05-17,7.527950763702393,15.0,15.11111068725586,14.88888931274414,15.11111068725586,319500
1995-05-18,7.388545036315918,14.722222328186035,15.055556297302246,14.722222328186035,15.0,473175
1995-05-19,7.33278226852417,14.61111068725586,14.833333015441896,14.61111068725586,14.777777671813965,172350
1995-05-22,7.4721903800964355,14.88888931274414,14.944443702697754,14.666666984558104,14.666666984558104,185850
1995-05-23,7.527950763702393,15.0,15.11111068725586,14.944443702697754,14.944443702697754,360900
1995-05-24,7.4721903800964355,14.88888931274414,15.055556297302246,14.722222328186035,15.0,628200
1995-05-25,7.500066757202148,14.944443702697754,15.0,14.777777671813965,14.88888931274414,173025
1995-05-26,7.4721903800964355,14.88888931274414,14.944443702697754,14.777777671813965,14.944443702697754,76725
1995-05-30,7.583713531494141,15.11111068725586,15.11111068725586,14.833333015441896,14.944443702697754,150300
1995-05-31,7.8625288009643555,15.666666984558104,15.666666984558104,14.944443702697754,15.0,365850
1995-06-01,7.6115946769714355,15.166666984558104,15.555556297302246,15.166666984558104,15.555556297302246,262800
1995-06-02,7.583713531494141,15.11111068725586,15.277777671813965,15.0,15.11111068725586,336150
1995-06-05,7.750995635986328,15.444443702697754,15.5,15.166666984558104,15.222222328186035,956475
1995-06-06,7.6115946769714355,15.166666984558104,15.5,15.166666984558104,15.5,101925
1995-06-07,7.583713531494141,15.11111068725586,15.222222328186035,14.944443702697754,15.166666984558104,145125
1995-06-08,7.55583381652832,15.055556297302246,15.11111068725586,15.0,15.11111068725586,64350
1995-06-09,7.33278226852417,14.61111068725586,15.055556297302246,14.61111068725586,15.055556297302246,321525
1995-06-12,7.277021884918213,14.5,14.722222328186035,14.5,14.666666984558104,446850
1995-06-13,7.30490255355835,14.555556297302246,14.777777671813965,14.555556297302246,14.61111068725586,1030950
1995-06-14,7.193373203277588,14.333333015441896,14.5,14.222222328186035,14.5,651375
1995-06-15,7.081851005554199,14.11111068725586,14.333333015441896,14.055556297302246,14.333333015441896,294750
1995-06-16,7.193373203277588,14.333333015441896,14.38888931274414,14.166666984558104,14.222222328186035,939375
1995-06-19,7.30490255355835,14.555556297302246,14.61111068725586,14.38888931274414,14.38888931274414,1620675
1995-06-20,7.165493011474609,14.277777671813965,14.61111068725586,14.11111068725586,14.61111068725586,568125
1995-06-21,7.109731674194336,14.166666984558104,14.277777671813965,14.055556297302246,14.277777671813965,813375
1995-06-22,7.137612342834473,14.222222328186035,14.277777671813965,14.166666984558104,14.277777671813965,266850
1995-06-23,7.137612342834473,14.222222328186035,14.222222328186035,14.0,14.0,423675
1995-06-26,7.081851005554199,14.11111068725586,14.222222328186035,14.055556297302246,14.166666984558104,274725
1995-06-27,7.026086330413818,14.0,14.222222328186035,14.0,14.166666984558104,397575
1995-06-28,7.053971767425537,14.055556297302246,14.055556297302246,13.944443702697754,14.055556297302246,348525
1995-06-29,7.053971767425537,14.055556297302246,14.055556297302246,13.944443702697754,14.055556297302246,131175
1995-06-30,7.081851005554199,14.11111068725586,14.166666984558104,14.0,14.055556297302246,211500
1995-07-03,7.026086330413818,14.0,14.055556297302246,13.944443702697754,14.055556297302246,155025
1995-07-05,6.858800411224365,13.666666984558104,14.0,13.666666984558104,14.0,256500
1995-07-06,6.886680603027344,13.722222328186035,13.777777671813965,13.61111068725586,13.666666984558104,447750
1995-07-07,6.914561748504639,13.777777671813965,13.777777671813965,13.722222328186035,13.722222328186035,772425
1995-07-10,6.914561748504639,13.777777671813965,13.88888931274414,13.722222328186035,13.833333015441896,405900
1995-07-11,6.858800411224365,13.666666984558104,13.777777671813965,13.61111068725586,13.777777671813965,286875
1995-07-12,6.719397068023682,13.38888931274414,13.777777671813965,13.333333015441896,13.555556297302246,1668375
1995-07-13,6.970330238342285,13.88888931274414,13.944443702697754,13.777777671813965,13.777777671813965,633600
1995-07-14,6.942442893981934,13.833333015441896,13.88888931274414,13.722222328186035,13.833333015441896,493875
1995-07-17,6.9982075691223145,13.944443702697754,14.0,13.777777671813965,13.777777671813965,74475
1995-07-18,6.858800411224365,13.666666984558104,13.88888931274414,13.555556297302246,13.777777671813965,429525
1995-07-19,6.747275352478027,13.444443702697754,13.61111068725586,13.38888931274414,13.555556297302246,858600
1995-07-20,6.747275352478027,13.444443702697754,13.555556297302246,13.38888931274414,13.444443702697754,544050
1995-07-21,6.858800411224365,13.666666984558104,13.777777671813965,13.444443702697754,13.444443702697754,189900
1995-07-24,6.691511631011963,13.333333015441896,13.722222328186035,13.333333015441896,13.722222328186035,542925
1995-07-25,6.663631439208984,13.277777671813965,13.38888931274414,13.222222328186035,13.333333015441896,1174725
1995-07-26,6.747275352478027,13.444443702697754,13.5,13.222222328186035,13.333333015441896,879300
1995-07-27,6.858800411224365,13.666666984558104,13.666666984558104,13.555556297302246,13.555556297302246,729675
1995-07-28,7.053971767425537,14.055556297302246,14.11111068725586,13.555556297302246,13.555556297302246,985500
1995-07-31,6.970330238342285,13.88888931274414,14.055556297302246,13.722222328186035,14.0,321975
1995-08-01,6.914561748504639,13.777777671813965,13.833333015441896,13.666666984558104,13.777777671813965,310950
1995-08-02,6.820642948150635,13.555556297302246,13.944443702697754,13.555556297302246,13.833333015441896,1942425
1995-08-03,6.904499530792236,13.722222328186035,13.777777671813965,13.444443702697754,13.555556297302246,290025
1995-08-04,6.876545429229736,13.666666984558104,13.777777671813965,13.61111068725586,13.722222328186035,465975
1995-08-07,6.708826541900635,13.333333015441896,13.722222328186035,13.277777671813965,13.722222328186035,407025
1995-08-08,6.904499530792236,13.722222328186035,13.722222328186035,13.333333015441896,13.333333015441896,978525
1995-08-09,6.96040678024292,13.833333015441896,13.833333015441896,13.5,13.666666984558104,3322800
1995-08-10,7.128130912780762,14.166666984558104,14.277777671813965,14.0,14.055556297302246,2215125
1995-08-11,7.072218894958496,14.055556297302246,14.055556297302246,13.833333015441896,14.055556297302246,703800
1995-08-14,7.044267177581787,14.0,14.055556297302246,13.88888931274414,14.055556297302246,452250
1995-08-15,7.044267177581787,14.0,14.0,13.88888931274414,14.0,781875
1995-08-16,7.044267177581787,14.0,14.166666984558104,13.944443702697754,14.0,982350
1995-08-17,7.267892837524414,14.444443702697754,14.5,14.11111068725586,14.11111068725586,1753425
1995-08-18,7.407661914825439,14.722222328186035,14.722222328186035,14.444443702697754,14.444443702697754,658350
1995-08-21,7.43561315536499,14.777777671813965,14.88888931274414,14.666666984558104,14.777777671813965,724950
1995-08-22,7.351753711700439,14.61111068725586,14.722222328186035,14.555556297302246,14.666666984558104,1157625
1995-08-23,7.3797078132629395,14.666666984558104,14.666666984558104,14.555556297302246,14.61111068725586,534375
1995-08-24,7.184033393859863,14.277777671813965,14.555556297302246,14.11111068725586,14.555556297302246,479700
1995-08-25,7.239943027496338,14.38888931274414,14.61111068725586,14.38888931274414,14.38888931274414,308700
1995-08-28,7.156082630157471,14.222222328186035,14.444443702697754,14.11111068725586,14.38888931274414,295425
1995-08-29,7.156082630157471,14.222222328186035,14.333333015441896,14.11111068725586,14.222222328186035,230400
1995-08-30,7.323803901672363,14.555556297302246,14.555556297302246,14.333333015441896,14.333333015441896,225225
1995-08-31,7.267892837524414,14.444443702697754,14.61111068725586,14.38888931274414,14.555556297302246,42075
1995-09-01,7.29585075378418,14.5,14.555556297302246,14.277777671813965,14.444443702697754,355050
1995-09-05,7.211984157562256,14.333333015441896,14.5,14.333333015441896,14.5,286650
1995-09-06,7.072218894958496,14.055556297302246,14.277777671813965,13.944443702697754,14.277777671813965,776700
1995-09-07,7.016314506530762,13.944443702697754,14.11111068725586,13.88888931274414,14.055556297302246,557100
1995-09-08,7.128130912780762,14.166666984558104,14.222222328186035,13.916666984558104,14.0,408150
1995-09-11,7.100173473358154,14.11111068725586,14.166666984558104,14.055556297302246,14.11111068725586,274050
1995-09-12,7.128130912780762,14.166666984558104,14.222222328186035,14.055556297302246,14.11111068725586,216000
1995-09-13,7.211984157562256,14.333333015441896,14.444443702697754,14.11111068725586,14.11111068725586,783000
1995-09-14,7.29585075378418,14.5,14.5,14.333333015441896,14.333333015441896,622125
1995-09-15,7.211984157562256,14.333333015441896,14.555556297302246,14.222222328186035,14.555556297302246,595350
1995-09-18,7.211984157562256,14.333333015441896,14.333333015441896,14.166666984558104,14.222222328186035,488025
1995-09-19,7.128130912780762,14.166666984558104,14.333333015441896,14.055556297302246,14.277777671813965,1177650
1995-09-20,7.128130912780762,14.166666984558104,14.277777671813965,14.11111068725586,14.166666984558104,427950
1995-09-21,7.128130912780762,14.166666984558104,14.166666984558104,14.0,14.055556297302246,383625
1995-09-22,6.932453155517578,13.777777671813965,14.222222328186035,13.777777671813965,14.166666984558104,978075
1995-09-25,7.016314506530762,13.944443702697754,14.166666984558104,13.944443702697754,14.055556297302246,592875
1995-09-26,6.820642948150635,13.555556297302246,13.833333015441896,13.5,13.777777671813965,717975
1995-09-27,6.84859037399292,13.61111068725586,13.722222328186035,13.5,13.555556297302246,248175
1995-09-28,6.932453155517578,13.777777671813965,13.88888931274414,13.5,13.666666984558104,627975
1995-09-29,6.96040678024292,13.833333015441896,14.0,13.777777671813965,13.88888931274414,415350
1995-10-02,6.84859037399292,13.61111068725586,13.833333015441896,13.555556297302246,13.833333015441896,980775
1995-10-03,6.792685031890869,13.5,13.61111068725586,13.444443702697754,13.61111068725586,436950
1995-10-04,6.764735221862793,13.444443702697754,13.5,13.333333015441896,13.5,465975
1995-10-05,6.708826541900635,13.333333015441896,13.5,13.277777671813965,13.444443702697754,425250
1995-10-06,6.876545429229736,13.666666984558104,13.666666984558104,13.333333015441896,13.333333015441896,210825
1995-10-09,6.84859037399292,13.61111068725586,13.666666984558104,13.5,13.61111068725586,102825
1995-10-10,6.820642948150635,13.555556297302246,13.722222328186035,13.38888931274414,13.555556297302246,585225
1995-10-11,6.876545429229736,13.666666984558104,13.722222328186035,13.61111068725586,13.61111068725586,328050
1995-10-12,6.876545429229736,13.666666984558104,13.722222328186035,13.61111068725586,13.722222328186035,176400
1995-10-13,6.876545429229736,13.666666984558104,13.722222328186035,13.5,13.722222328186035,192375
1995-10-16,6.820642948150635,13.555556297302246,13.666666984558104,13.5,13.666666984558104,171675
1995-10-17,6.736781120300293,13.38888931274414,13.555556297302246,13.333333015441896,13.555556297302246,309825
1995-10-18,6.541102886199951,13.0,13.444443702697754,13.0,13.38888931274414,3262725
1995-10-19,6.597011089324951,13.11111068725586,13.11111068725586,12.944443702697754,13.055556297302246,345375
1995-10-20,6.597011089324951,13.11111068725586,13.11111068725586,13.0,13.11111068725586,302400
1995-10-23,6.457243919372559,12.833333015441896,13.11111068725586,12.833333015441896,13.11111068725586,528075
1995-10-24,6.541102886199951,13.0,13.11111068725586,12.666666984558104,12.944443702697754,1983825
1995-10-25,6.569061756134033,13.055556297302246,13.222222328186035,12.944443702697754,13.11111068725586,306450
1995-10-26,6.624965190887451,13.166666984558104,13.277777671813965,13.11111068725586,13.11111068725586,459900
1995-10-27,6.708826541900635,13.333333015441896,13.333333015441896,13.11111068725586,13.11111068725586,333675
1995-10-30,6.876545429229736,13.666666984558104,13.666666984558104,13.333333015441896,13.333333015441896,321975
1995-10-31,6.820642948150635,13.555556297302246,13.777777671813965,13.555556297302246,13.666666984558104,764550
1995-11-01,6.894630432128906,13.666666984558104,13.777777671813965,13.5,13.5,467325
1995-11-02,6.922657012939453,13.722222328186035,14.0,13.61111068725586,13.666666984558104,962775
1995-11-03,6.810548782348633,13.5,13.722222328186035,13.38888931274414,13.666666984558104,402975
1995-11-06,6.810548782348633,13.5,13.61111068725586,13.5,13.555556297302246,207225
1995-11-07,6.810548782348633,13.5,13.555556297302246,13.277777671813965,13.5,313200
1995-11-08,6.950684547424316,13.777777671813965,13.777777671813965,13.5,13.555556297302246,277425
1995-11-09,6.97871208190918,13.833333015441896,13.88888931274414,13.666666984558104,13.777777671813965,592650
1995-11-10,6.950684547424316,13.777777671813965,13.944443702697754,13.722222328186035,13.777777671813965,519975
1995-11-13,6.86660099029541,13.61111068725586,13.722222328186035,13.5,13.666666984558104,364500
1995-11-14,6.894630432128906,13.666666984558104,13.722222328186035,13.5,13.555556297302246,187650
1995-11-15,6.922657012939453,13.722222328186035,13.833333015441896,13.61111068725586,13.666666984558104,275175
1995-11-16,6.894630432128906,13.666666984558104,13.722222328186035,13.61111068725586,13.722222328186035,484650
1995-11-17,6.922657012939453,13.722222328186035,13.777777671813965,13.666666984558104,13.777777671813965,288675
1995-11-20,6.86660099029541,13.61111068725586,13.722222328186035,13.555556297302246,13.666666984558104,538200
1995-11-21,6.950684547424316,13.777777671813965,13.777777671813965,13.555556297302246,13.61111068725586,317475
1995-11-22,6.950684547424316,13.777777671813965,13.944443702697754,13.777777671813965,13.833333015441896,480825
1995-11-24,6.950684547424316,13.777777671813965,13.833333015441896,13.722222328186035,13.833333015441896,66150
1995-11-27,6.922657012939453,13.722222328186035,13.833333015441896,13.61111068725586,13.833333015441896,313650
1995-11-28,6.922657012939453,13.722222328186035,13.722222328186035,13.555556297302246,13.722222328186035,206550
1995-11-29,6.97871208190918,13.833333015441896,13.833333015441896,13.722222328186035,13.722222328186035,280575
1995-11-30,6.838580131530762,13.555556297302246,13.833333015441896,13.555556297302246,13.777777671813965,352350
1995-12-01,6.922657012939453,13.722222328186035,13.777777671813965,13.555556297302246,13.61111068725586,682200
1995-12-04,6.97871208190918,13.833333015441896,13.88888931274414,13.666666984558104,13.722222328186035,543600
1995-12-05,7.146877288818359,14.166666984558104,14.166666984558104,13.833333015441896,13.88888931274414,815625
1995-12-06,7.146877288818359,14.166666984558104,14.5,14.055556297302246,14.333333015441896,847350
1995-12-07,7.062792778015137,14.0,14.11111068725586,13.944443702697754,14.11111068725586,88650
1995-12-08,6.97871208190918,13.833333015441896,14.055556297302246,13.722222328186035,14.055556297302246,218700
1995-12-11,6.86660099029541,13.61111068725586,13.88888931274414,13.61111068725586,13.88888931274414,351450
1995-12-12,6.950684547424316,13.777777671813965,13.88888931274414,13.444443702697754,13.5,717525
1995-12-13,6.894630432128906,13.666666984558104,13.722222328186035,13.61111068725586,13.722222328186035,523575
1995-12-14,6.838580131530762,13.555556297302246,13.722222328186035,13.333333015441896,13.722222328186035,1030500
1995-12-15,6.810548782348633,13.5,13.555556297302246,13.444443702697754,13.555556297302246,1542600
1995-12-18,6.838580131530762,13.555556297302246,13.555556297302246,13.333333015441896,13.5,1214325
1995-12-19,6.754497528076172,13.38888931274414,13.444443702697754,13.333333015441896,13.444443702697754,692325
1995-12-20,6.894630432128906,13.666666984558104,13.722222328186035,13.38888931274414,13.444443702697754,489600
1995-12-21,6.782525539398193,13.444443702697754,13.722222328186035,13.444443702697754,13.666666984558104,467325
1995-12-22,6.86660099029541,13.61111068725586,13.666666984558104,13.444443702697754,13.444443702697754,371700
1995-12-26,6.894630432128906,13.666666984558104,13.722222328186035,13.555556297302246,13.666666984558104,159975
1995-12-27,6.86660099029541,13.61111068725586,13.777777671813965,13.333333015441896,13.777777671813965,605250
1995-12-28,6.810548782348633,13.5,13.61111068725586,13.444443702697754,13.61111068725586,194625
1995-12-29,6.950684547424316,13.777777671813965,13.833333015441896,13.5,13.5,488700
1996-01-02,6.922657012939453,13.722222328186035,13.777777671813965,13.444443702697754,13.777777671813965,689625
1996-01-03,6.97871208190918,13.833333015441896,13.944443702697754,13.777777671813965,13.833333015441896,972000
1996-01-04,7.034766674041748,13.944443702697754,14.055556297302246,13.833333015441896,13.833333015441896,927225
1996-01-05,7.034766674041748,13.944443702697754,14.055556297302246,13.88888931274414,14.055556297302246,668025
1996-01-08,7.062792778015137,14.0,14.0,13.944443702697754,14.0,98550
1996-01-09,6.950684547424316,13.777777671813965,14.0,13.722222328186035,14.0,817650
1996-01-10,6.922657012939453,13.722222328186035,13.833333015441896,13.666666984558104,13.666666984558104,1095750
1996-01-11,6.950684547424316,13.777777671813965,13.777777671813965,13.555556297302246,13.722222328186035,531450
1996-01-12,6.838580131530762,13.555556297302246,13.722222328186035,13.5,13.722222328186035,540450
1996-01-15,6.726469039916992,13.333333015441896,13.555556297302246,13.277777671813965,13.555556297302246,677700
1996-01-16,6.726469039916992,13.333333015441896,13.444443702697754,13.11111068725586,13.38888931274414,587250
1996-01-17,6.558305263519287,13.0,13.333333015441896,12.944443702697754,13.277777671813965,579150
1996-01-18,6.670417308807373,13.222222328186035,13.277777671813965,12.833333015441896,12.833333015441896,402750
1996-01-19,6.726469039916992,13.333333015441896,13.38888931274414,13.11111068725586,13.11111068725586,636300
1996-01-22,6.810548782348633,13.5,13.555556297302246,13.166666984558104,13.333333015441896,660600
1996-01-23,6.894630432128906,13.666666984558104,13.833333015441896,13.5,13.5,1539000
1996-01-24,6.86660099029541,13.61111068725586,13.722222328186035,13.555556297302246,13.666666984558104,1180800
1996-01-25,9.080734252929688,18.0,20.0,17.77777862548828,18.666667938232425,20072475
1996-01-26,9.641275405883787,19.11111068725586,19.38888931274414,18.33333206176757,18.55555534362793,12265200
1996-01-29,9.809435844421388,19.44444465637207,19.5,19.166667938232425,19.166667938232425,12480525
1996-01-30,9.809435844421388,19.44444465637207,19.666667938232425,19.33333206176757,19.33333206176757,7795575
1996-01-31,9.32199764251709,18.44444465637207,18.88888931274414,17.72222137451172,18.88888931274414,11131425
1996-02-01,9.153533935546877,18.11111068725586,18.44444465637207,17.88888931274414,18.44444465637207,4653675
1996-02-02,7.777685165405273,15.38888931274414,15.444443702697754,14.055556297302246,14.666666984558104,26326125
1996-02-05,7.805767059326172,15.444443702697754,15.444443702697754,15.055556297302246,15.277777671813965,7129575
1996-02-06,7.721532344818115,15.277777671813965,15.38888931274414,15.11111068725586,15.38888931274414,1984950
1996-02-07,7.721532344818115,15.277777671813965,15.38888931274414,15.166666984558104,15.333333015441896,1318275
1996-02-08,8.03039264678955,15.88888931274414,16.11111068725586,15.222222328186035,15.333333015441896,4597200
1996-02-09,7.9180779457092285,15.666666984558104,16.166667938232422,15.61111068725586,16.05555534362793,2460600
1996-02-12,7.805767059326172,15.444443702697754,15.833333015441896,15.333333015441896,15.722222328186035,1264500
1996-02-13,7.974236488342285,15.777777671813965,15.833333015441896,15.5,15.555556297302246,2027025
1996-02-14,7.974236488342285,15.777777671813965,15.944443702697754,15.722222328186035,15.777777671813965,1653300
1996-02-15,8.002314567565918,15.833333015441896,15.833333015441896,15.722222328186035,15.777777671813965,2177325
1996-02-16,7.946157455444336,15.722222328186035,15.777777671813965,15.61111068725586,15.777777671813965,1363050
1996-02-20,7.974236488342285,15.777777671813965,15.833333015441896,15.5,15.5,2019150
1996-02-21,7.946157455444336,15.722222328186035,15.777777671813965,15.666666984558104,15.777777671813965,3176775
1996-02-22,7.974236488342285,15.777777671813965,15.777777671813965,15.63888931274414,15.722222328186035,2352600
1996-02-23,7.889999389648437,15.61111068725586,15.722222328186035,15.534722328186035,15.722222328186035,1148400
1996-02-26,7.721532344818115,15.277777671813965,15.61111068725586,15.222222328186035,15.61111068725586,1780875
1996-02-27,7.777685165405273,15.38888931274414,15.38888931274414,15.055556297302246,15.222222328186035,790200
1996-02-28,7.777685165405273,15.38888931274414,15.444443702697754,15.277777671813965,15.38888931274414,362925
1996-02-29,7.749608039855957,15.333333015441896,15.38888931274414,15.222222328186035,15.277777671813965,1827000
1996-03-01,7.833844184875488,15.5,15.5,15.277777671813965,15.38888931274414,482850
1996-03-04,7.833844184875488,15.5,15.61111068725586,15.38888931274414,15.444443702697754,489825
1996-03-05,7.946157455444336,15.722222328186035,15.833333015441896,15.5,15.5,2065500
1996-03-06,7.9180779457092285,15.666666984558104,15.777777671813965,15.555556297302246,15.666666984558104,3001275
1996-03-07,8.058469772338867,15.944443702697754,15.944443702697754,15.555556297302246,15.61111068725586,1430775
1996-03-08,7.861922264099121,15.555556297302246,15.777777671813965,15.5,15.666666984558104,1209825
1996-03-11,7.946157455444336,15.722222328186035,15.722222328186035,15.444443702697754,15.5,1065150
1996-03-12,7.833844184875488,15.5,15.722222328186035,15.5,15.666666984558104,1230075
1996-03-13,7.889999389648437,15.61111068725586,15.61111068725586,15.5,15.5,1957950
1996-03-14,7.9180779457092285,15.666666984558104,15.777777671813965,15.555556297302246,15.61111068725586,1769400
1996-03-15,7.9180779457092285,15.666666984558104,15.722222328186035,15.61111068725586,15.722222328186035,1755000
1996-03-18,8.058469772338867,15.944443702697754,15.944443702697754,15.61111068725586,15.666666984558104,1013850
1996-03-19,8.283095359802246,16.38888931274414,16.38888931274414,16.0,16.11111068725586,1902150
1996-03-20,8.39540958404541,16.61111068725586,16.72222137451172,16.44444465637207,16.44444465637207,711675
1996-03-21,8.311177253723145,16.44444465637207,16.61111068725586,16.44444465637207,16.61111068725586,1355850
1996-03-22,8.479643821716309,16.77777862548828,16.77777862548828,16.5,16.55555534362793,767025
1996-03-25,8.423492431640625,16.666667938232422,17.0,16.55555534362793,16.88888931274414,846450
1996-03-26,8.39540958404541,16.61111068725586,16.666667938232422,16.44444465637207,16.61111068725586,548100
1996-03-27,8.36733341217041,16.55555534362793,16.72222137451172,16.55555534362793,16.61111068725586,537750
1996-03-28,8.36733341217041,16.55555534362793,16.61111068725586,16.38888931274414,16.5,517950
1996-03-29,8.311177253723145,16.44444465637207,16.72222137451172,16.44444465637207,16.55555534362793,459225
1996-04-01,8.39540958404541,16.61111068725586,16.61111068725586,16.5,16.5,459225
1996-04-02,8.339253425598145,16.5,16.666667938232422,16.38888931274414,16.666667938232422,564300
1996-04-03,8.451567649841309,16.72222137451172,16.77777862548828,16.44444465637207,16.44444465637207,1241100
1996-04-04,8.563879013061523,16.94444465637207,17.0,16.666667938232422,16.72222137451172,1180800
1996-04-08,8.479643821716309,16.77777862548828,16.833332061767578,16.666667938232422,16.77777862548828,505350
1996-04-09,8.479643821716309,16.77777862548828,16.77777862548828,16.61111068725586,16.72222137451172,334350
1996-04-10,8.255021095275879,16.333332061767578,16.77777862548828,16.333332061767578,16.72222137451172,433125
1996-04-11,8.255021095275879,16.333332061767578,16.38888931274414,16.05555534362793,16.333332061767578,436500
1996-04-12,8.226941108703613,16.27777862548828,16.333332061767578,16.11111068725586,16.333332061767578,515025
1996-04-15,8.058469772338867,15.944443702697754,16.27777862548828,15.833333015441896,16.22222137451172,562950
1996-04-16,8.226941108703613,16.27777862548828,16.27777862548828,15.88888931274414,15.88888931274414,1334025
1996-04-17,8.198862075805664,16.22222137451172,16.22222137451172,16.05555534362793,16.22222137451172,641025
1996-04-18,8.170784950256348,16.166667938232422,16.27777862548828,16.11111068725586,16.27777862548828,523800
1996-04-19,8.03039264678955,15.88888931274414,16.27777862548828,15.88888931274414,16.27777862548828,1646325
1996-04-22,8.086546897888184,16.0,16.0,15.88888931274414,15.88888931274414,510525
1996-04-23,8.311177253723145,16.44444465637207,16.44444465637207,15.944443702697754,16.0,1885500
1996-04-24,8.255021095275879,16.333332061767578,16.38888931274414,16.166667938232422,16.333332061767578,448650
1996-04-25,8.283095359802246,16.38888931274414,16.38888931274414,16.11111068725586,16.27777862548828,411075
1996-04-26,8.226941108703613,16.27777862548828,16.666667938232422,16.27777862548828,16.44444465637207,922950
1996-04-29,8.226941108703613,16.27777862548828,16.333332061767578,16.166667938232422,16.166667938232422,365625
1996-04-30,8.255021095275879,16.333332061767578,16.38888931274414,16.27777862548828,16.27777862548828,624375
1996-05-01,8.390159606933594,16.55555534362793,16.61111068725586,16.38888931274414,16.38888931274414,1278225
1996-05-02,8.390159606933594,16.55555534362793,16.55555534362793,16.38888931274414,16.5,702000
1996-05-03,8.362010955810547,16.5,16.666667938232422,16.44444465637207,16.61111068725586,700650
1996-05-06,8.390159606933594,16.55555534362793,16.55555534362793,16.38888931274414,16.5,526275
1996-05-07,8.305697441101074,16.38888931274414,16.666667938232422,16.333332061767578,16.666667938232422,779400
1996-05-08,8.305697441101074,16.38888931274414,16.38888931274414,16.27777862548828,16.38888931274414,1191600
1996-05-09,8.587246894836426,16.94444465637207,16.94444465637207,16.44444465637207,16.44444465637207,1957275
1996-05-10,8.530941009521484,16.833332061767578,16.88888931274414,16.72222137451172,16.88888931274414,994050
1996-05-13,8.502784729003906,16.77777862548828,16.94444465637207,16.72222137451172,16.77777862548828,709875
1996-05-14,8.502784729003906,16.77777862548828,16.77777862548828,16.61111068725586,16.72222137451172,511650
1996-05-15,8.530941009521484,16.833332061767578,16.833332061767578,16.666667938232422,16.77777862548828,490725
1996-05-16,8.530941009521484,16.833332061767578,16.88888931274414,16.72222137451172,16.833332061767578,785025
1996-05-17,8.418317794799805,16.61111068725586,16.833332061767578,16.55555534362793,16.72222137451172,947475
1996-05-20,8.502784729003906,16.77777862548828,16.77777862548828,16.666667938232422,16.72222137451172,624600
1996-05-21,8.502784729003906,16.77777862548828,16.833332061767578,16.61111068725586,16.666667938232422,528750
1996-05-22,8.559098243713379,16.88888931274414,16.94444465637207,16.77777862548828,16.833332061767578,753750
1996-05-23,8.530941009521484,16.833332061767578,16.94444465637207,16.666667938232422,16.88888931274414,695475
1996-05-24,8.530941009521484,16.833332061767578,16.88888931274414,16.666667938232422,16.833332061767578,182925
1996-05-28,8.530941009521484,16.833332061767578,16.88888931274414,16.77777862548828,16.88888931274414,291375
1996-05-29,8.699865341186523,17.166667938232422,17.22222137451172,16.833332061767578,16.833332061767578,1016325
1996-05-30,8.615402221679688,17.0,17.22222137451172,16.833332061767578,17.22222137451172,638325
1996-05-31,8.502784729003906,16.77777862548828,17.0,16.72222137451172,16.94444465637207,308700
1996-06-03,8.530941009521484,16.833332061767578,16.833332061767578,16.72222137451172,16.77777862548828,466650
1996-06-04,8.502784729003906,16.77777862548828,16.833332061767578,16.666667938232422,16.833332061767578,478125
1996-06-05,8.559098243713379,16.88888931274414,16.88888931274414,16.72222137451172,16.77777862548828,532350
1996-06-06,8.587246894836426,16.94444465637207,17.05555534362793,16.833332061767578,16.833332061767578,225900
1996-06-07,8.502784729003906,16.77777862548828,16.833332061767578,16.61111068725586,16.833332061767578,694800
1996-06-10,8.446474075317383,16.666667938232422,16.833332061767578,16.61111068725586,16.833332061767578,387675
1996-06-11,8.418317794799805,16.61111068725586,16.666667938232422,16.55555534362793,16.666667938232422,352125
1996-06-12,8.390159606933594,16.55555534362793,16.666667938232422,16.5,16.61111068725586,224550
1996-06-13,8.333857536315918,16.44444465637207,16.55555534362793,16.27777862548828,16.5,347625
1996-06-14,8.390159606933594,16.55555534362793,16.72222137451172,16.44444465637207,16.44444465637207,358650
1996-06-17,8.446474075317383,16.666667938232422,16.666667938232422,16.5,16.5,275850
1996-06-18,8.530941009521484,16.833332061767578,16.94444465637207,16.666667938232422,16.666667938232422,386325
1996-06-19,8.474625587463379,16.72222137451172,16.88888931274414,16.666667938232422,16.833332061767578,292500
1996-06-20,8.446474075317383,16.666667938232422,16.72222137451172,16.61111068725586,16.72222137451172,734850
1996-06-21,8.333857536315918,16.44444465637207,16.666667938232422,16.44444465637207,16.666667938232422,670950
1996-06-24,8.305697441101074,16.38888931274414,16.44444465637207,16.27777862548828,16.44444465637207,413100
1996-06-25,8.136771202087402,16.05555534362793,16.38888931274414,16.0,16.38888931274414,765450
1996-06-26,8.02414608001709,15.833333015441896,16.0,15.833333015441896,16.0,510975
1996-06-27,8.080461502075195,15.944443702697754,15.944443702697754,15.722222328186035,15.722222328186035,472950
1996-06-28,8.052301406860352,15.88888931274414,16.0,15.88888931274414,15.944443702697754,573525
1996-07-01,8.080461502075195,15.944443702697754,15.944443702697754,15.777777671813965,15.944443702697754,261000
1996-07-02,7.99600076675415,15.777777671813965,15.944443702697754,15.666666984558104,15.944443702697754,868950
1996-07-03,7.99600076675415,15.777777671813965,15.88888931274414,15.722222328186035,15.722222328186035,996750
1996-07-05,7.883372783660889,15.555556297302246,15.666666984558104,15.555556297302246,15.666666984558104,244125
1996-07-08,7.798910140991211,15.38888931274414,15.555556297302246,15.333333015441896,15.5,407025
1996-07-09,7.686289310455322,15.166666984558104,15.444443702697754,15.11111068725586,15.38888931274414,499950
1996-07-10,7.629976272583008,15.055556297302246,15.222222328186035,14.777777671813965,15.166666984558104,601425
1996-07-11,7.545516490936279,14.88888931274414,14.944443702697754,14.722222328186035,14.944443702697754,299925
1996-07-12,7.629976272583008,15.055556297302246,15.055556297302246,14.722222328186035,14.833333015441896,204750
1996-07-15,7.432894229888916,14.666666984558104,15.11111068725586,14.444443702697754,15.11111068725586,403200
1996-07-16,7.207655429840088,14.222222328186035,14.666666984558104,14.166666984558104,14.555556297302246,594225
1996-07-17,7.3765869140625,14.555556297302246,14.61111068725586,14.333333015441896,14.333333015441896,411525
1996-07-18,7.629976272583008,15.055556297302246,15.055556297302246,14.555556297302246,14.555556297302246,776700
1996-07-19,7.883372783660889,15.555556297302246,15.61111068725586,15.11111068725586,15.11111068725586,1610775
1996-07-22,7.827061176300049,15.444443702697754,15.5,15.333333015441896,15.5,693675
1996-07-23,7.714447498321533,15.222222328186035,15.5,15.222222328186035,15.444443702697754,911700
1996-07-24,7.545516490936279,14.88888931274414,15.11111068725586,14.88888931274414,15.11111068725586,508725
1996-07-25,7.573668479919434,14.944443702697754,15.055556297302246,14.88888931274414,14.88888931274414,650475
1996-07-26,7.770754814147949,15.333333015441896,15.333333015441896,15.0,15.055556297302246,330300
1996-07-29,7.855218887329102,15.5,15.555556297302246,15.277777671813965,15.277777671813965,442125
1996-07-30,8.052301406860352,15.88888931274414,15.88888931274414,15.5,15.5,537750
1996-07-31,8.10312557220459,15.944443702697754,15.944443702697754,15.777777671813965,15.833333015441896,481725
1996-08-01,8.15959358215332,16.05555534362793,16.11111068725586,15.88888931274414,15.944443702697754,275400
1996-08-02,8.300764083862305,16.333332061767578,16.333332061767578,16.11111068725586,16.166667938232422,446850
1996-08-05,8.300764083862305,16.333332061767578,16.38888931274414,16.27777862548828,16.333332061767578,181575
1996-08-06,8.244291305541992,16.22222137451172,16.27777862548828,16.166667938232422,16.22222137451172,326250
1996-08-07,8.216060638427734,16.166667938232422,16.333332061767578,16.11111068725586,16.333332061767578,124425
1996-08-08,8.15959358215332,16.05555534362793,16.11111068725586,16.0,16.11111068725586,276075
1996-08-09,8.131360054016113,16.0,16.27777862548828,16.0,16.11111068725586,521325
1996-08-12,8.216060638427734,16.166667938232422,16.22222137451172,16.05555534362793,16.05555534362793,137025
1996-08-13,8.15959358215332,16.05555534362793,16.166667938232422,15.944443702697754,16.05555534362793,105300
1996-08-14,8.15959358215332,16.05555534362793,16.05555534362793,15.944443702697754,16.0,240975
1996-08-15,8.244291305541992,16.22222137451172,16.27777862548828,16.0,16.0,180000
1996-08-16,8.328997611999512,16.38888931274414,16.38888931274414,16.27777862548828,16.333332061767578,239175
1996-08-19,8.216060638427734,16.166667938232422,16.38888931274414,16.11111068725586,16.333332061767578,456300
1996-08-20,8.216060638427734,16.166667938232422,16.27777862548828,16.166667938232422,16.166667938232422,215775
1996-08-21,8.300764083862305,16.333332061767578,16.333332061767578,16.166667938232422,16.166667938232422,169875
1996-08-22,8.187822341918945,16.11111068725586,16.27777862548828,16.11111068725586,16.22222137451172,513675
1996-08-23,8.216060638427734,16.166667938232422,16.27777862548828,16.11111068725586,16.11111068725586,157725
1996-08-26,8.216060638427734,16.166667938232422,16.166667938232422,16.0,16.11111068725586,186300
1996-08-27,8.328997611999512,16.38888931274414,16.44444465637207,16.083332061767578,16.27777862548828,380700
1996-08-28,8.328997611999512,16.38888931274414,16.38888931274414,16.22222137451172,16.333332061767578,252450
1996-08-29,8.413697242736816,16.55555534362793,16.61111068725586,16.333332061767578,16.333332061767578,367425
1996-08-30,8.300764083862305,16.333332061767578,16.55555534362793,16.27777862548828,16.5,195750
1996-09-03,8.328997611999512,16.38888931274414,16.38888931274414,16.166667938232422,16.22222137451172,252675
1996-09-04,8.441930770874023,16.61111068725586,16.61111068725586,16.38888931274414,16.44444465637207,570825
1996-09-05,8.385468482971191,16.5,16.55555534362793,16.44444465637207,16.55555534362793,566775
1996-09-06,8.413697242736816,16.55555534362793,16.55555534362793,16.416667938232422,16.5,198675
1996-09-09,8.357234001159668,16.44444465637207,16.55555534362793,16.44444465637207,16.55555534362793,268425
1996-09-10,8.300764083862305,16.333332061767578,16.5,16.333332061767578,16.5,477450
1996-09-11,8.328997611999512,16.38888931274414,16.38888931274414,16.27777862548828,16.333332061767578,195750
1996-09-12,8.216060638427734,16.166667938232422,16.333332061767578,16.166667938232422,16.333332061767578,618300
1996-09-13,8.328997611999512,16.38888931274414,16.44444465637207,16.333332061767578,16.38888931274414,409725
1996-09-16,8.272525787353516,16.27777862548828,16.55555534362793,16.27777862548828,16.55555534362793,688725
1996-09-17,8.328997611999512,16.38888931274414,16.5,16.166667938232422,16.27777862548828,680175
1996-09-18,8.300764083862305,16.333332061767578,16.5,16.333332061767578,16.5,672075
1996-09-19,8.357234001159668,16.44444465637207,16.44444465637207,16.333332061767578,16.38888931274414,414000
1996-09-20,8.272525787353516,16.27777862548828,16.5,16.22222137451172,16.44444465637207,776250
1996-09-23,8.357234001159668,16.44444465637207,16.44444465637207,16.27777862548828,16.333332061767578,303975
1996-09-24,8.385468482971191,16.5,16.5,16.38888931274414,16.38888931274414,664425
1996-09-25,8.526632308959961,16.77777862548828,16.77777862548828,16.55555534362793,16.61111068725586,538875
1996-09-26,8.47016716003418,16.666667938232422,17.0,16.61111068725586,16.77777862548828,1571625
1996-09-27,8.498396873474121,16.72222137451172,16.77777862548828,16.666667938232422,16.77777862548828,278325
1996-09-30,8.385468482971191,16.5,16.833332061767578,16.44444465637207,16.666667938232422,515700
1996-10-01,8.554869651794434,16.833332061767578,16.833332061767578,16.44444465637207,16.44444465637207,510975
1996-10-02,8.667804718017578,17.05555534362793,17.27777862548828,16.77777862548828,16.833332061767578,1792350
1996-10-03,8.80897331237793,17.333332061767578,17.38888931274414,16.94444465637207,17.11111068725586,2353050
1996-10-04,8.978372573852539,17.666667938232422,17.77777862548828,17.55555534362793,17.55555534362793,2198475
1996-10-07,8.950141906738281,17.61111068725586,17.72222137451172,17.5,17.666667938232422,353700
1996-10-08,8.950141906738281,17.61111068725586,17.72222137451172,17.55555534362793,17.55555534362793,620550
1996-10-09,8.667804718017578,17.05555534362793,17.61111068725586,16.88888931274414,17.61111068725586,780750
1996-10-10,8.724273681640625,17.166667938232422,17.333332061767578,17.0,17.0,587475
1996-10-11,8.752508163452148,17.22222137451172,17.27777862548828,17.05555534362793,17.27777862548828,236925
1996-10-14,8.724273681640625,17.166667938232422,17.27777862548828,17.11111068725586,17.27777862548828,158400
1996-10-15,8.696039199829102,17.11111068725586,17.333332061767578,17.0,17.27777862548828,618750
1996-10-16,8.724273681640625,17.166667938232422,17.27777862548828,17.05555534362793,17.11111068725586,159075
1996-10-17,8.752508163452148,17.22222137451172,17.333332061767578,17.166667938232422,17.22222137451172,1049625
1996-10-18,8.837204933166504,17.38888931274414,17.38888931274414,17.166667938232422,17.27777862548828,855900
1996-10-21,8.752508163452148,17.22222137451172,17.5,17.22222137451172,17.44444465637207,533700
1996-10-22,8.696039199829102,17.11111068725586,17.22222137451172,16.88888931274414,17.22222137451172,696150
1996-10-23,8.780740737915039,17.27777862548828,17.27777862548828,16.94444465637207,17.05555534362793,647775
1996-10-24,8.780740737915039,17.27777862548828,17.27777862548828,17.166667938232422,17.27777862548828,589275
1996-10-25,8.780740737915039,17.27777862548828,17.27777862548828,17.166667938232422,17.166667938232422,1382850
1996-10-28,8.724273681640625,17.166667938232422,17.27777862548828,17.05555534362793,17.22222137451172,532125
1996-10-29,8.80897331237793,17.333332061767578,17.38888931274414,17.22222137451172,17.27777862548828,721125
1996-10-30,8.775006294250488,17.22222137451172,17.44444465637207,17.22222137451172,17.333332061767578,353700
1996-10-31,8.803312301635742,17.27777862548828,17.38888931274414,17.166667938232422,17.166667938232422,249525
1996-11-01,8.916536331176758,17.5,17.55555534362793,17.27777862548828,17.27777862548828,360900
1996-11-04,9.001453399658203,17.666667938232422,17.72222137451172,17.44444465637207,17.44444465637207,220500
1996-11-05,9.312827110290527,18.27777862548828,18.33333206176757,17.666667938232422,17.72222137451172,1138050
1996-11-06,9.369441986083984,18.38888931274414,18.44444465637207,18.166667938232425,18.22222137451172,1254150
1996-11-07,9.510969161987305,18.666667938232425,18.72222137451172,18.38888931274414,18.38888931274414,1542150
1996-11-08,9.567584991455078,18.77777862548828,18.83333206176757,18.666667938232425,18.72222137451172,1321200
1996-11-11,9.652510643005373,18.94444465637207,19.0,18.77777862548828,18.77777862548828,625725
1996-11-12,9.765727996826172,19.166667938232425,19.27777862548828,18.88888931274414,18.94444465637207,686700
1996-11-13,9.87895393371582,19.38888931274414,19.61111068725586,19.166667938232425,19.22222137451172,454275
1996-11-14,9.935569763183594,19.5,19.55555534362793,19.33333206176757,19.33333206176757,1584450
1996-11-15,9.765727996826172,19.166667938232425,19.5,18.88888931274414,19.5,1080675
1996-11-18,9.567584991455078,18.77777862548828,19.11111068725586,18.72222137451172,19.05555534362793,804150
1996-11-19,9.567584991455078,18.77777862548828,18.88888931274414,18.666667938232425,18.88888931274414,558000
1996-11-20,9.510969161987305,18.666667938232425,18.75,18.55555534362793,18.666667938232425,637200
1996-11-21,9.539277076721191,18.72222137451172,18.77777862548828,18.61111068725586,18.72222137451172,283950
1996-11-22,9.369441986083984,18.38888931274414,18.5,18.33333206176757,18.44444465637207,859500
1996-11-25,9.454351425170898,18.55555534362793,18.55555534362793,18.38888931274414,18.38888931274414,555975
1996-11-26,9.341130256652832,18.33333206176757,18.666667938232425,18.22222137451172,18.666667938232425,995400
1996-11-27,9.25621223449707,18.166667938232425,18.38888931274414,18.05555534362793,18.38888931274414,850050
1996-11-29,9.312827110290527,18.27777862548828,18.33333206176757,18.0,18.11111068725586,211950
1996-12-02,9.341130256652832,18.33333206176757,18.38888931274414,18.11111068725586,18.166667938232425,538650
1996-12-03,9.341130256652832,18.33333206176757,18.5,18.33333206176757,18.33333206176757,918000
1996-12-04,9.25621223449707,18.166667938232425,18.55555534362793,18.166667938232425,18.27777862548828,465075
1996-12-05,9.17129898071289,18.0,18.166667938232425,17.88888931274414,18.05555534362793,391725
1996-12-06,9.114680290222168,17.88888931274414,18.0,17.72222137451172,17.72222137451172,798525
1996-12-09,9.341130256652832,18.33333206176757,18.38888931274414,18.0,18.0,780300
1996-12-10,9.227913856506348,18.11111068725586,18.38888931274414,18.05555534362793,18.33333206176757,212400
1996-12-11,9.17129898071289,18.0,18.11111068725586,17.88888931274414,18.0,439650
1996-12-12,8.916536331176758,17.5,18.0,17.44444465637207,17.94444465637207,907650
1996-12-13,8.831616401672363,17.333332061767578,17.44444465637207,17.05555534362793,17.44444465637207,797850
1996-12-16,8.690084457397461,17.05555534362793,17.38888931274414,16.88888931274414,17.38888931274414,820125
1996-12-17,8.49194049835205,16.666667938232422,16.88888931274414,16.55555534362793,16.88888931274414,1231425
1996-12-18,8.690084457397461,17.05555534362793,17.11111068725586,16.55555534362793,16.55555534362793,1631475
1996-12-19,8.690084457397461,17.05555534362793,17.11111068725586,16.94444465637207,17.05555534362793,479025
1996-12-20,8.690084457397461,17.05555534362793,17.44444465637207,17.05555534362793,17.44444465637207,731925
1996-12-23,8.63347053527832,16.94444465637207,17.22222137451172,16.94444465637207,17.166667938232422,513450
1996-12-24,8.520248413085938,16.72222137451172,17.0,16.72222137451172,17.0,431325
1996-12-26,8.63347053527832,16.94444465637207,16.94444465637207,16.61111068725586,16.61111068725586,670050
1996-12-27,8.661779403686523,17.0,17.22222137451172,17.0,17.05555534362793,451350
1996-12-30,8.803312301635742,17.27777862548828,17.333332061767578,17.05555534362793,17.05555534362793,553050
1996-12-31,8.803312301635742,17.27777862548828,17.55555534362793,17.25,17.27777862548828,553050
1997-01-02,8.661779403686523,17.0,17.38888931274414,17.0,17.38888931274414,383850
1997-01-03,8.888225555419922,17.44444465637207,17.5,17.0,17.11111068725586,652950
1997-01-06,8.548551559448242,16.77777862548828,17.5,16.77777862548828,17.5,972900
1997-01-07,8.378714561462402,16.44444465637207,16.666667938232422,16.166667938232422,16.666667938232422,1537875
1997-01-08,8.46363353729248,16.61111068725586,16.666667938232422,16.333332061767578,16.61111068725586,1046250
1997-01-09,8.435327529907227,16.55555534362793,16.77777862548828,16.5,16.72222137451172,544725
1997-01-10,8.49194049835205,16.666667938232422,16.72222137451172,16.11111068725586,16.38888931274414,1067175
1997-01-13,8.49194049835205,16.666667938232422,16.77777862548828,16.61111068725586,16.72222137451172,674100
1997-01-14,8.888225555419922,17.44444465637207,17.44444465637207,16.666667938232422,16.72222137451172,1381050
1997-01-15,8.859922409057617,17.38888931274414,17.38888931274414,17.166667938232422,17.333332061767578,637200
1997-01-16,8.888225555419922,17.44444465637207,17.5,17.38888931274414,17.38888931274414,463275
1997-01-17,8.888225555419922,17.44444465637207,17.5,17.333332061767578,17.44444465637207,240975
1997-01-20,8.803312301635742,17.27777862548828,17.55555534362793,17.22222137451172,17.5,796950
1997-01-21,8.973146438598633,17.61111068725586,17.72222137451172,17.22222137451172,17.27777862548828,1215000
1997-01-22,9.02976417541504,17.72222137451172,17.77777862548828,17.55555534362793,17.55555534362793,1163025
1997-01-23,9.08637237548828,17.833332061767578,17.94444465637207,17.77777862548828,17.77777862548828,865800
1997-01-24,9.02976417541504,17.72222137451172,17.833332061767578,17.61111068725586,17.72222137451172,836325
1997-01-27,8.973146438598633,17.61111068725586,17.77777862548828,17.61111068725586,17.77777862548828,779400
1997-01-28,8.944838523864746,17.55555534362793,17.72222137451172,17.55555534362793,17.61111068725586,1049175
1997-01-29,8.944838523864746,17.55555534362793,17.61111068725586,17.333332061767578,17.5,947250
1997-01-30,8.944838523864746,17.55555534362793,17.666667938232422,17.5,17.61111068725586,472950
1997-01-31,8.967544555664062,17.55555534362793,17.72222137451172,17.55555534362793,17.61111068725586,452700
1997-02-03,9.024297714233398,17.666667938232422,17.94444465637207,17.55555534362793,17.72222137451172,1187100
1997-02-04,9.308086395263672,18.22222137451172,18.33333206176757,18.0,18.166667938232425,2021850
1997-02-05,9.421602249145508,18.44444465637207,18.55555534362793,18.22222137451172,18.33333206176757,2034450
1997-02-06,9.36484146118164,18.33333206176757,18.38888931274414,18.166667938232425,18.38888931274414,938250
1997-02-07,9.421602249145508,18.44444465637207,18.55555534362793,18.33333206176757,18.33333206176757,445275
1997-02-10,9.591872215270996,18.77777862548828,18.88888931274414,18.44444465637207,18.44444465637207,1156050
1997-02-11,9.733760833740234,19.05555534362793,19.05555534362793,18.72222137451172,18.88888931274414,1561950
1997-02-12,9.648625373840332,18.88888931274414,19.05555534362793,18.77777862548828,19.0,939600
1997-02-13,9.620248794555664,18.83333206176757,19.0,18.77777862548828,18.94444465637207,890100
1997-02-14,9.648625373840332,18.88888931274414,18.88888931274414,18.72222137451172,18.83333206176757,762750
1997-02-18,9.591872215270996,18.77777862548828,18.88888931274414,18.72222137451172,18.88888931274414,700650
1997-02-19,9.56348991394043,18.72222137451172,18.83333206176757,18.61111068725586,18.77777862548828,475650
1997-02-20,9.620248794555664,18.83333206176757,19.0,18.72222137451172,18.83333206176757,438075
1997-02-21,9.620248794555664,18.83333206176757,19.0,18.72222137451172,18.77777862548828,332100
1997-02-24,9.620248794555664,18.83333206176757,19.0,18.83333206176757,18.83333206176757,382950
1997-02-25,9.648625373840332,18.88888931274414,19.0,18.83333206176757,18.83333206176757,648675
1997-02-26,9.648625373840332,18.88888931274414,19.0,18.77777862548828,18.94444465637207,605475
1997-02-27,9.79051685333252,19.166667938232425,19.166667938232425,18.88888931274414,18.88888931274414,726525
1997-02-28,9.705382347106934,19.0,19.11111068725586,19.0,19.05555534362793,724050
1997-03-03,9.818892478942873,19.22222137451172,19.22222137451172,18.88888931274414,18.88888931274414,461475
1997-03-04,9.733760833740234,19.05555534362793,19.27777862548828,19.0,19.27777862548828,261450
1997-03-05,9.818892478942873,19.22222137451172,19.22222137451172,19.0,19.05555534362793,402300
1997-03-06,9.79051685333252,19.166667938232425,19.22222137451172,19.0,19.22222137451172,317250
1997-03-07,10.017542839050291,19.61111068725586,19.61111068725586,19.11111068725586,19.11111068725586,881550
1997-03-10,9.960787773132324,19.5,19.61111068725586,19.38888931274414,19.61111068725586,389250
1997-03-11,10.074301719665527,19.72222137451172,19.77777862548828,19.44444465637207,19.5,516375
1997-03-12,10.045920372009276,19.666667938232425,19.72222137451172,19.44444465637207,19.666667938232425,668925
1997-03-13,9.875651359558104,19.33333206176757,19.55555534362793,19.33333206176757,19.55555534362793,515025
1997-03-14,9.989163398742676,19.55555534362793,19.55555534362793,19.33333206176757,19.33333206176757,705150
1997-03-17,9.79051685333252,19.166667938232425,19.55555534362793,19.11111068725586,19.5,396000
1997-03-18,9.733760833740234,19.05555534362793,19.33333206176757,19.0,19.22222137451172,381825
1997-03-19,9.506732940673828,18.61111068725586,18.94444465637207,18.55555534362793,18.94444465637207,620550
1997-03-20,9.449976921081545,18.5,18.77777862548828,18.44444465637207,18.61111068725586,598275
1997-03-21,9.535109519958496,18.666667938232425,18.72222137451172,18.5,18.61111068725586,400275
1997-03-24,9.705382347106934,19.0,19.0,18.58333206176757,18.83333206176757,385650
1997-03-25,9.449976921081545,18.5,19.166667938232425,18.5,19.08333206176757,260700
1997-03-26,9.449976921081545,18.5,18.83333206176757,18.416667938232425,18.5,369450
1997-03-27,9.407404899597168,18.416667938232425,18.666667938232425,18.33333206176757,18.58333206176757,283650
1997-03-31,9.322278022766112,18.25,18.5,18.166667938232425,18.25,466950
1997-04-01,9.279706001281738,18.166667938232425,18.166667938232425,17.833332061767578,18.166667938232425,287850
1997-04-02,9.066866874694824,17.75,18.166667938232425,17.75,18.166667938232425,573900
1997-04-03,8.811466217041016,17.25,17.75,17.166667938232422,17.666667938232422,1069350
1997-04-04,8.854032516479492,17.333332061767578,17.333332061767578,17.0,17.0,953550
1997-04-07,8.854032516479492,17.333332061767578,17.583332061767578,17.25,17.333332061767578,367350
1997-04-08,8.939167022705078,17.5,17.5,17.166667938232422,17.416667938232422,358050
1997-04-09,8.854032516479492,17.333332061767578,17.5,17.25,17.5,274200
1997-04-10,8.811466217041016,17.25,17.333332061767578,17.166667938232422,17.25,476550
1997-04-11,8.598627090454102,16.833332061767578,17.083332061767578,16.5,17.0,953250
1997-04-14,8.726333618164062,17.083332061767578,17.166667938232422,16.666667938232422,16.666667938232422,188850
1997-04-15,8.768900871276855,17.166667938232422,17.333332061767578,17.083332061767578,17.25,1291800
1997-04-16,8.68376636505127,17.0,17.25,16.833332061767578,17.25,515550
1997-04-17,8.641196250915527,16.916667938232422,17.166667938232422,16.833332061767578,17.083332061767578,151200
1997-04-18,8.556058883666992,16.75,17.0,16.666667938232422,16.916667938232422,256800
1997-04-21,8.25809097290039,16.166667938232422,17.0,16.0,16.916667938232422,889650
1997-04-22,7.960113525390625,15.583333015441896,16.333332061767578,15.25,16.25,1733100
1997-04-23,8.002684593200684,15.666666984558104,16.0,15.583333015441896,15.666666984558104,2797350
1997-04-24,8.130386352539062,15.916666984558104,16.25,15.666666984558104,15.666666984558104,2133300
1997-04-25,8.2155179977417,16.083332061767578,16.333332061767578,15.5,15.916666984558104,953850
1997-04-28,8.172952651977539,16.0,16.25,15.916666984558104,16.0,706800
1997-04-29,8.37113094329834,16.333332061767578,16.416667938232422,16.0,16.25,628800
1997-04-30,8.541963577270508,16.666667938232422,16.75,16.333332061767578,16.333332061767578,1465950
1997-05-01,8.541963577270508,16.666667938232422,16.75,16.583332061767578,16.75,774600
1997-05-02,8.49925422668457,16.583332061767578,16.666667938232422,16.5,16.666667938232422,450600
1997-05-05,8.456547737121582,16.5,16.583332061767578,16.416667938232422,16.583332061767578,1392150
1997-05-06,8.413833618164062,16.416667938232422,16.583332061767578,16.25,16.583332061767578,1572300
1997-05-07,8.349775314331055,16.291667938232422,16.5,16.166667938232422,16.416667938232422,1914600
1997-05-08,8.49925422668457,16.583332061767578,16.583332061767578,16.25,16.291667938232422,1192350
1997-05-09,8.37113094329834,16.333332061767578,16.75,16.333332061767578,16.75,675000
1997-05-12,8.413833618164062,16.416667938232422,16.458332061767578,16.25,16.375,887850
1997-05-13,8.691447257995605,16.958332061767578,17.0,16.375,16.375,1798350
1997-05-14,9.18261432647705,17.916667938232422,18.0,17.375,17.583332061767578,4306800
1997-05-15,9.18261432647705,17.916667938232422,18.08333206176757,17.833332061767578,18.0,910950
1997-05-16,9.203967094421388,17.958332061767578,18.25,17.916667938232422,18.25,520800
1997-05-19,9.203967094421388,17.958332061767578,18.0,17.75,17.916667938232422,436950
1997-05-20,9.26802921295166,18.08333206176757,18.166667938232425,17.666667938232422,17.916667938232422,537900
1997-05-21,9.567001342773438,18.666667938232425,18.75,18.25,18.25,1048500
1997-05-22,9.737838745117188,19.0,19.20833206176757,18.58333206176757,18.916667938232425,1026150
1997-05-23,9.567001342773438,18.666667938232425,19.0,18.58333206176757,19.0,375150
1997-05-27,9.567001342773438,18.666667938232425,18.83333206176757,18.541667938232425,18.75,351300
1997-05-28,9.63106918334961,18.791667938232425,18.791667938232425,18.58333206176757,18.666667938232425,456900
1997-05-29,9.652424812316896,18.83333206176757,19.0,18.666667938232425,18.791667938232425,240750
1997-05-30,9.908679962158203,19.33333206176757,19.666667938232425,18.666667938232425,18.75,804150
1997-06-02,9.60971736907959,18.75,19.5,18.666667938232425,19.5,1368900
1997-06-03,9.63106918334961,18.791667938232425,19.0,18.625,18.666667938232425,361650
1997-06-04,9.481586456298828,18.5,18.75,18.5,18.666667938232425,257550
1997-06-05,9.652424812316896,18.83333206176757,18.916667938232425,18.5,18.58333206176757,481500
1997-06-06,9.673776626586914,18.875,18.875,18.58333206176757,18.666667938232425,315000
1997-06-09,9.652424812316896,18.83333206176757,18.875,18.75,18.875,818100
1997-06-10,9.567001342773438,18.666667938232425,18.83333206176757,18.58333206176757,18.83333206176757,1000500
1997-06-11,9.567001342773438,18.666667938232425,18.666667938232425,18.58333206176757,18.666667938232425,1129200
1997-06-12,9.823261260986328,19.166667938232425,19.166667938232425,18.625,18.666667938232425,1032000
1997-06-13,9.652424812316896,18.83333206176757,19.416667938232425,18.83333206176757,19.166667938232425,1386000
1997-06-16,9.80190658569336,19.125,19.166667938232425,18.666667938232425,18.916667938232425,628800
1997-06-17,9.58835792541504,18.70833206176757,19.125,18.70833206176757,19.125,496350
1997-06-18,9.481586456298828,18.5,18.83333206176757,18.5,18.75,522300
1997-06-19,9.844612121582031,19.20833206176757,19.20833206176757,18.58333206176757,18.58333206176757,978000
1997-06-20,9.737838745117188,19.0,19.20833206176757,18.916667938232425,19.20833206176757,549600
1997-06-23,9.780550956726074,19.08333206176757,19.416667938232425,19.08333206176757,19.08333206176757,830100
1997-06-24,9.844612121582031,19.20833206176757,19.25,18.916667938232425,19.041667938232425,599400
1997-06-25,9.823261260986328,19.166667938232425,19.33333206176757,19.041667938232425,19.20833206176757,987450
1997-06-26,9.86596965789795,19.25,19.25,19.0,19.0,402300
1997-06-27,9.86596965789795,19.25,19.375,19.166667938232425,19.33333206176757,308550
1997-06-30,9.69512939453125,18.916667938232425,19.416667938232425,18.916667938232425,19.25,758550
1997-07-01,9.994104385375977,19.5,19.5,18.83333206176757,19.0,510750
1997-07-02,10.058165550231934,19.625,19.666667938232425,19.45833206176757,19.58333206176757,1086750
1997-07-03,10.058165550231934,19.625,19.916667938232425,19.58333206176757,19.75,651600
1997-07-07,10.164937019348145,19.83333206176757,20.08333206176757,19.75,19.791667938232425,456750
1997-07-08,10.164937019348145,19.83333206176757,19.916667938232425,19.625,19.83333206176757,576750
1997-07-09,9.994104385375977,19.5,19.95833206176757,19.416667938232425,19.916667938232425,1125150
1997-07-10,10.058165550231934,19.625,19.666667938232425,19.416667938232425,19.58333206176757,884400
1997-07-11,10.164937019348145,19.83333206176757,19.916667938232425,19.58333206176757,19.70833206176757,332100
1997-07-14,10.207650184631348,19.916667938232425,20.08333206176757,19.75,19.75,1607100
1997-07-15,10.207650184631348,19.916667938232425,20.166667938232425,19.83333206176757,19.916667938232425,472200
1997-07-16,10.079519271850586,19.666667938232425,19.95833206176757,19.625,19.83333206176757,511950
1997-07-17,10.058165550231934,19.625,19.875,19.58333206176757,19.83333206176757,331500
1997-07-18,9.737838745117188,19.0,19.58333206176757,18.83333206176757,19.58333206176757,735150
1997-07-21,9.908679962158203,19.33333206176757,19.416667938232425,18.916667938232425,18.916667938232425,620550
1997-07-22,10.079519271850586,19.666667938232425,19.70833206176757,19.33333206176757,19.375,657900
1997-07-23,10.122227668762209,19.75,19.83333206176757,19.45833206176757,19.625,724650
1997-07-24,10.058165550231934,19.625,19.83333206176757,19.5,19.75,661350
1997-07-25,10.271717071533203,20.041667938232425,20.166667938232425,19.33333206176757,19.666667938232425,823500
1997-07-28,10.442556381225586,20.375,20.45833206176757,20.125,20.166667938232425,1166550
1997-07-29,10.485265731811523,20.45833206176757,20.45833206176757,20.166667938232425,20.375,802950
1997-07-30,10.534080505371094,20.5,20.5,20.166667938232425,20.375,897900
1997-07-31,10.512670516967772,20.45833206176757,20.5,20.08333206176757,20.08333206176757,1694550
1997-08-01,10.448439598083496,20.33333206176757,20.45833206176757,20.0,20.45833206176757,1350300
1997-08-04,10.512670516967772,20.45833206176757,20.666667938232425,20.25,20.33333206176757,1495650
1997-08-05,10.512670516967772,20.45833206176757,20.75,20.416667938232425,20.45833206176757,1506750
1997-08-06,10.319969177246094,20.08333206176757,20.45833206176757,20.0,20.416667938232425,514350
1997-08-07,9.955988883972168,19.375,19.916667938232425,19.25,19.916667938232425,1074900
1997-08-08,10.020220756530762,19.5,19.5,18.791667938232425,19.33333206176757,629550
1997-08-11,9.677648544311523,18.83333206176757,19.5,18.75,19.5,467100
1997-08-12,9.527779579162598,18.541667938232425,19.0,18.33333206176757,19.0,1251750
1997-08-13,9.72047233581543,18.916667938232425,18.95833206176757,18.5,18.5,807600
1997-08-14,9.80611515045166,19.08333206176757,19.25,19.0,19.0,1033950
1997-08-15,9.784703254699709,19.041667938232425,19.08333206176757,18.875,19.0,540300
1997-08-18,9.784703254699709,19.041667938232425,19.125,18.75,19.0,367950
1997-08-19,9.848937034606934,19.166667938232425,19.33333206176757,19.08333206176757,19.166667938232425,510300
1997-08-20,9.848937034606934,19.166667938232425,19.33333206176757,19.041667938232425,19.125,408450
1997-08-21,9.592007637023926,18.666667938232425,19.20833206176757,18.625,19.166667938232425,1097100
1997-08-22,9.313671112060549,18.125,18.5,17.75,18.5,2756550
1997-08-25,9.420717239379885,18.33333206176757,18.33333206176757,18.041667938232425,18.166667938232425,1351800
1997-08-26,9.228020668029783,17.958332061767578,18.33333206176757,17.958332061767578,18.25,1371150
1997-08-27,9.249436378479004,18.0,18.041667938232425,17.791667938232422,17.916667938232422,711450
1997-08-28,9.249436378479004,18.0,18.08333206176757,17.875,17.958332061767578,276450
1997-08-29,9.206610679626465,17.916667938232422,18.0,17.875,18.0,163950
1997-09-02,9.463544845581056,18.416667938232425,18.666667938232425,17.916667938232422,17.916667938232422,757650
1997-09-03,9.335074424743652,18.166667938232425,18.5,18.125,18.33333206176757,1226850
1997-09-04,9.313671112060549,18.125,18.25,17.916667938232422,18.08333206176757,390750
1997-09-05,9.420717239379885,18.33333206176757,18.33333206176757,17.875,18.20833206176757,678000
1997-09-08,9.549184799194336,18.58333206176757,18.75,18.33333206176757,18.33333206176757,695250
1997-09-09,9.527779579162598,18.541667938232425,18.875,18.33333206176757,18.58333206176757,541050
1997-09-10,9.377902030944824,18.25,18.75,18.25,18.625,1002150
1997-09-11,9.335074424743652,18.166667938232425,18.25,17.916667938232422,18.25,480150
1997-09-12,9.35649299621582,18.20833206176757,18.375,18.08333206176757,18.166667938232425,894000
1997-09-15,9.442133903503418,18.375,18.5,18.08333206176757,18.08333206176757,714750
1997-09-16,9.292254447937012,18.08333206176757,18.83333206176757,18.08333206176757,18.45833206176757,867750
1997-09-17,9.142382621765137,17.791667938232422,18.25,17.791667938232422,18.08333206176757,767250
1997-09-18,9.185200691223145,17.875,18.0,17.666667938232422,17.791667938232422,5700300
1997-09-19,9.270848274230955,18.041667938232425,18.166667938232425,17.75,17.958332061767578,1809000
1997-09-22,9.228020668029783,17.958332061767578,18.291667938232425,17.875,18.166667938232425,1576950
1997-09-23,9.16379451751709,17.833332061767578,17.916667938232422,17.625,17.916667938232422,1759200
1997-09-24,9.335074424743652,18.166667938232425,18.33333206176757,17.916667938232422,17.916667938232422,1007700
1997-09-25,9.506362915039062,18.5,18.666667938232425,18.166667938232425,18.166667938232425,780600
1997-09-26,9.592007637023926,18.666667938232425,18.70833206176757,18.5,18.5,838200
1997-09-29,9.80611515045166,19.08333206176757,19.166667938232425,18.666667938232425,18.666667938232425,545250
1997-09-30,9.634831428527832,18.75,19.0,18.666667938232425,19.0,762000
1997-10-01,9.741883277893066,18.95833206176757,18.95833206176757,18.666667938232425,18.791667938232425,487050
1997-10-02,9.592007637023926,18.666667938232425,18.95833206176757,18.58333206176757,18.95833206176757,377100
1997-10-03,9.613417625427246,18.70833206176757,18.95833206176757,18.5,18.75,888750
1997-10-06,9.270848274230955,18.041667938232425,18.75,17.958332061767578,18.75,741750
1997-10-07,9.013915061950684,17.541667938232422,18.041667938232425,17.416667938232422,18.041667938232425,1065900
1997-10-08,8.864041328430176,17.25,17.625,17.25,17.583332061767578,2006400
1997-10-09,9.249436378479004,18.0,18.166667938232425,17.166667938232422,17.208332061767578,892500
1997-10-10,9.206610679626465,17.916667938232422,18.33333206176757,17.875,17.916667938232422,705150
1997-10-13,9.185200691223145,17.875,18.08333206176757,17.875,17.958332061767578,1128900
1997-10-14,9.142382621765137,17.791667938232422,17.958332061767578,17.791667938232422,17.916667938232422,376350
1997-10-15,9.592007637023926,18.666667938232425,18.916667938232425,18.33333206176757,18.33333206176757,1747800
1997-10-16,9.656242370605469,18.791667938232425,18.95833206176757,18.625,18.625,1256850
1997-10-17,9.377902030944824,18.25,18.75,18.125,18.625,609150
1997-10-20,9.72047233581543,18.916667938232425,18.95833206176757,18.166667938232425,18.166667938232425,1086000
1997-10-21,9.934578895568848,19.33333206176757,19.58333206176757,19.08333206176757,19.33333206176757,955500
1997-10-22,9.934578895568848,19.33333206176757,19.5,19.166667938232425,19.33333206176757,690750
1997-10-23,9.80611515045166,19.08333206176757,19.25,18.666667938232425,19.25,560250
1997-10-24,9.955988883972168,19.375,19.416667938232425,19.125,19.166667938232425,1092600
1997-10-27,9.35649299621582,18.20833206176757,19.25,18.166667938232425,19.25,846900
1997-10-28,9.891757011413574,19.25,19.25,17.25,17.833332061767578,1711350
1997-10-29,10.06304168701172,19.58333206176757,20.166667938232425,19.125,19.375,1109700
1997-10-30,9.811424255371094,19.041667938232425,19.375,19.0,19.33333206176757,710700
1997-10-31,9.961709976196287,19.33333206176757,19.5,19.08333206176757,19.125,699900
1997-11-03,10.04758644104004,19.5,19.83333206176757,19.33333206176757,19.33333206176757,1090950
1997-11-04,10.176399230957031,19.75,19.791667938232425,19.45833206176757,19.625,1107450
1997-11-05,10.434029579162598,20.25,20.416667938232425,19.75,19.791667938232425,1138650
1997-11-06,10.391095161437988,20.166667938232425,20.5,19.83333206176757,20.25,1050000
1997-11-07,10.283745765686035,19.95833206176757,20.166667938232425,19.58333206176757,19.916667938232425,1368000
1997-11-10,10.26227569580078,19.916667938232425,20.25,19.5,20.08333206176757,739200
1997-11-11,10.04758644104004,19.5,20.041667938232425,19.45833206176757,19.916667938232425,394500
1997-11-12,9.91876983642578,19.25,19.666667938232425,19.08333206176757,19.416667938232425,409350
1997-11-13,9.854362487792969,19.125,19.541667938232425,19.041667938232425,19.416667938232425,376200
1997-11-14,9.961709976196287,19.33333206176757,19.666667938232425,19.041667938232425,19.08333206176757,774600
1997-11-17,10.60578727722168,20.58333206176757,20.75,19.916667938232425,20.0,1647150
1997-11-18,9.747017860412598,18.916667938232425,20.416667938232425,18.75,20.416667938232425,4147800
1997-11-19,9.618199348449709,18.666667938232425,19.166667938232425,18.33333206176757,19.08333206176757,1672650
1997-11-20,9.961709976196287,19.33333206176757,19.58333206176757,19.0,19.0,3670350
1997-11-21,9.961709976196287,19.33333206176757,19.666667938232425,19.33333206176757,19.58333206176757,880950
1997-11-24,9.789953231811523,19.0,19.25,18.875,19.25,732150
1997-11-25,9.789953231811523,19.0,19.166667938232425,18.916667938232425,19.08333206176757,321750
1997-11-26,10.111990928649902,19.625,19.70833206176757,18.916667938232425,18.916667938232425,287850
1997-11-28,9.983179092407228,19.375,19.75,19.375,19.75,131850
1997-12-01,9.91876983642578,19.25,19.416667938232425,18.83333206176757,19.416667938232425,1162500
1997-12-02,10.240811347961426,19.875,20.125,19.25,19.25,581400
1997-12-03,10.154929161071776,19.70833206176757,19.875,19.45833206176757,19.875,606900
1997-12-04,10.111990928649902,19.625,20.0,19.5,20.0,763200
1997-12-05,10.219335556030272,19.83333206176757,20.25,19.45833206176757,19.45833206176757,873150
1997-12-08,10.305212020874023,20.0,20.08333206176757,19.875,20.0,933300
1997-12-09,10.734597206115724,20.83333206176757,20.916667938232425,20.166667938232425,20.666667938232425,2398050
1997-12-10,11.5718994140625,22.45833206176757,22.75,21.041667938232425,21.166667938232425,4652100
1997-12-11,11.206921577453612,21.75,22.25,21.58333206176757,22.166667938232425,2260050
1997-12-12,11.550435066223145,22.416667938232425,22.45833206176757,21.666667938232425,21.83333206176757,922050
1997-12-15,11.63630199432373,22.58333206176757,22.58333206176757,21.916667938232425,22.541667938232425,1227750
1997-12-16,12.044222831726074,23.375,23.45833206176757,22.375,22.5,1568400
1997-12-17,12.323320388793944,23.916667938232425,24.33333206176757,23.0,23.33333206176757,4762800
1997-12-18,11.765121459960938,22.83333206176757,23.83333206176757,22.625,23.83333206176757,3100350
1997-12-19,11.378671646118164,22.08333206176757,22.666667938232425,21.916667938232425,22.0,1327800
1997-12-22,11.185455322265623,21.70833206176757,22.5,21.58333206176757,22.33333206176757,798900
1997-12-23,10.713133811950684,20.791667938232425,21.70833206176757,20.791667938232425,21.70833206176757,1395750
1997-12-24,10.434029579162598,20.25,20.70833206176757,20.0,20.70833206176757,1057650
1997-12-26,10.519906997680664,20.416667938232425,20.58333206176757,20.0,20.166667938232425,577050
1997-12-29,10.476971626281738,20.33333206176757,20.45833206176757,20.08333206176757,20.416667938232425,1085250
1997-12-30,10.64871883392334,20.666667938232425,21.20833206176757,20.45833206176757,20.5,1047750
1997-12-31,10.820473670959473,21.0,21.375,20.83333206176757,20.916667938232425,771150
1998-01-02,10.734597206115724,20.83333206176757,21.25,20.83333206176757,21.0,461250
1998-01-05,10.88488483428955,21.125,21.125,20.666667938232425,20.83333206176757,807300
1998-01-06,11.335737228393556,22.0,22.666667938232425,21.20833206176757,21.291667938232425,929700
1998-01-07,11.03517723083496,21.416667938232425,22.33333206176757,20.75,22.041667938232425,1244850
1998-01-08,10.992226600646973,21.33333206176757,21.666667938232425,21.08333206176757,21.58333206176757,921750
1998-01-09,10.562849044799805,20.5,21.25,20.416667938232425,21.25,586050
1998-01-12,10.777543067932127,20.916667938232425,20.916667938232425,19.916667938232425,19.916667938232425,1002900
1998-01-13,11.24985694885254,21.83333206176757,21.83333206176757,21.166667938232425,21.166667938232425,681900
1998-01-14,11.271332740783691,21.875,21.916667938232425,21.666667938232425,21.75,955500
1998-01-15,11.24985694885254,21.83333206176757,22.5,21.83333206176757,22.0,515550
1998-01-16,11.44308376312256,22.20833206176757,22.5,22.08333206176757,22.166667938232425,1186800
1998-01-20,12.1730375289917,23.625,23.70833206176757,22.33333206176757,22.33333206176757,1103400
1998-01-21,11.936880111694336,23.166667938232425,23.375,22.5,23.375,918750
1998-01-22,11.593365669250488,22.5,22.75,22.416667938232425,22.666667938232425,474150
1998-01-23,11.421613693237305,22.166667938232425,22.58333206176757,21.916667938232425,22.416667938232425,422700
1998-01-26,11.24985694885254,21.83333206176757,22.75,21.791667938232425,22.33333206176757,441450
1998-01-27,11.464553833007812,22.25,22.625,21.75,21.83333206176757,422700
1998-01-28,11.314269065856934,21.95833206176757,22.33333206176757,21.75,22.25,538350
1998-01-29,11.53550910949707,22.33333206176757,22.5,21.916667938232425,21.916667938232425,1336950
1998-01-30,11.879853248596191,23.0,23.08333206176757,22.291667938232425,22.33333206176757,1249500
1998-02-02,11.965941429138184,23.166667938232425,23.375,23.08333206176757,23.33333206176757,609150
1998-02-03,12.052034378051758,23.33333206176757,23.33333206176757,22.75,23.08333206176757,287850
1998-02-04,11.965941429138184,23.166667938232425,23.166667938232425,23.0,23.166667938232425,421200
1998-02-05,12.030509948730469,23.291667938232425,23.70833206176757,23.25,23.33333206176757,1198500
1998-02-06,12.288763046264648,23.791667938232425,24.166667938232425,23.58333206176757,23.58333206176757,1381800
1998-02-09,12.138113021850586,23.5,23.916667938232425,23.416667938232425,23.916667938232425,1582800
1998-02-10,12.39637279510498,24.0,24.25,23.541667938232425,23.58333206176757,1004100
1998-02-11,12.439411163330078,24.08333206176757,24.5,23.83333206176757,23.83333206176757,818700
1998-02-12,12.331806182861328,23.875,24.0,23.70833206176757,24.0,856200
1998-02-13,12.417890548706056,24.041667938232425,24.166667938232425,23.875,23.916667938232425,809550
1998-02-17,12.39637279510498,24.0,24.166667938232425,23.916667938232425,24.0,645150
1998-02-18,12.39637279510498,24.0,24.08333206176757,23.916667938232425,24.0,1476150
1998-02-19,12.39637279510498,24.0,24.08333206176757,23.791667938232425,23.95833206176757,792450
1998-02-20,12.590068817138672,24.375,24.375,23.875,23.95833206176757,655950
1998-02-23,12.39637279510498,24.0,24.291667938232425,23.625,24.291667938232425,525300
1998-02-24,12.095067977905272,23.416667938232425,24.08333206176757,23.33333206176757,24.0,933600
1998-02-25,12.20267391204834,23.625,24.0,23.166667938232425,23.291667938232425,1075200
1998-02-26,12.138113021850586,23.5,23.75,23.33333206176757,23.70833206176757,1523400
1998-02-27,12.482455253601074,24.166667938232425,24.25,23.25,23.5,1361100
1998-03-02,12.61158275604248,24.416667938232425,24.58333206176757,24.166667938232425,24.20833206176757,634950
1998-03-03,12.439411163330078,24.08333206176757,24.33333206176757,23.791667938232425,24.25,483000
1998-03-04,12.116588592529297,23.45833206176757,24.166667938232425,23.33333206176757,23.916667938232425,624900
1998-03-05,12.138113021850586,23.5,23.625,23.166667938232425,23.291667938232425,771450
1998-03-06,12.181153297424316,23.58333206176757,23.791667938232425,23.58333206176757,23.58333206176757,754800
1998-03-09,12.052034378051758,23.33333206176757,24.0,23.33333206176757,23.83333206176757,918000
1998-03-10,12.74071979522705,24.666667938232425,24.83333206176757,23.45833206176757,23.45833206176757,1972350
1998-03-11,12.783758163452148,24.75,24.791667938232425,24.416667938232425,24.5,675900
1998-03-12,12.676148414611816,24.541667938232425,24.75,24.375,24.75,487950
1998-03-13,12.568544387817385,24.33333206176757,24.666667938232425,24.33333206176757,24.666667938232425,335400
1998-03-16,12.568544387817385,24.33333206176757,24.75,24.33333206176757,24.58333206176757,1438800
1998-03-17,12.783758163452148,24.75,24.83333206176757,24.416667938232425,24.5,926100
1998-03-18,12.783758163452148,24.75,24.83333206176757,24.25,24.75,739500
1998-03-19,12.998969078063965,25.166667938232425,25.33333206176757,24.666667938232425,24.75,808950
1998-03-20,12.783758163452148,24.75,25.166667938232425,24.666667938232425,25.166667938232425,611100
1998-03-23,12.826796531677246,24.83333206176757,25.20833206176757,24.5,24.5,1158150
1998-03-24,13.214181900024414,25.58333206176757,25.75,24.916667938232425,25.0,625050
1998-03-25,12.073542594909668,23.375,23.5,23.166667938232425,23.33333206176757,10354500
1998-03-26,12.181153297424316,23.58333206176757,23.791667938232425,23.375,23.375,2034150
1998-03-27,12.116588592529297,23.45833206176757,24.33333206176757,23.416667938232425,24.08333206176757,1887150
1998-03-30,12.030509948730469,23.291667938232425,23.5,23.166667938232425,23.45833206176757,1413000
1998-03-31,12.159640312194824,23.541667938232425,23.916667938232425,23.375,23.375,950250
1998-04-01,12.439411163330078,24.08333206176757,24.125,23.375,23.45833206176757,1664100
1998-04-02,12.654627799987791,24.5,24.83333206176757,24.0,24.08333206176757,689850
1998-04-03,12.482455253601074,24.166667938232425,24.625,24.08333206176757,24.58333206176757,642150
1998-04-06,12.71918773651123,24.625,24.666667938232425,24.0,24.166667938232425,700050
1998-04-07,12.482455253601074,24.166667938232425,24.75,24.08333206176757,24.75,702750
1998-04-08,12.52549934387207,24.25,24.58333206176757,24.041667938232425,24.08333206176757,431550
1998-04-09,12.697674751281738,24.58333206176757,24.75,24.166667938232425,24.25,274050
1998-04-13,12.71918773651123,24.625,24.95833206176757,24.416667938232425,24.625,349500
1998-04-14,12.439411163330078,24.08333206176757,24.666667938232425,24.041667938232425,24.58333206176757,282150
1998-04-15,12.39637279510498,24.0,24.166667938232425,23.83333206176757,24.08333206176757,543600
1998-04-16,12.224199295043944,23.666667938232425,24.02083206176757,23.416667938232425,23.916667938232425,781800
1998-04-17,12.26724624633789,23.75,23.75,23.25,23.666667938232425,352500
1998-04-20,12.39637279510498,24.0,24.166667938232425,23.83333206176757,23.916667938232425,468150
1998-04-21,12.24571132659912,23.70833206176757,24.125,23.666667938232425,23.83333206176757,772650
1998-04-22,12.869834899902344,24.916667938232425,24.916667938232425,23.791667938232425,23.83333206176757,813750
1998-04-23,12.998969078063965,25.166667938232425,25.166667938232425,24.58333206176757,24.666667938232425,885750
1998-04-24,12.912881851196287,25.0,25.33333206176757,24.70833206176757,25.166667938232425,899550
1998-04-27,12.74071979522705,24.666667938232425,24.666667938232425,24.125,24.58333206176757,609900
1998-04-28,12.74071979522705,24.666667938232425,25.25,24.666667938232425,24.666667938232425,630000
1998-04-29,12.682050704956056,24.5,24.83333206176757,24.166667938232425,24.75,333000
1998-04-30,12.70361614227295,24.541667938232425,24.541667938232425,24.166667938232425,24.416667938232425,504600
1998-05-01,12.725187301635742,24.58333206176757,24.625,24.291667938232425,24.625,929850
1998-05-04,12.76832675933838,24.666667938232425,25.08333206176757,24.666667938232425,24.666667938232425,688200
1998-05-05,12.76832675933838,24.666667938232425,24.75,24.5,24.666667938232425,747150
1998-05-06,12.746748924255373,24.625,24.75,24.416667938232425,24.58333206176757,825600
1998-05-07,13.048698425292969,25.20833206176757,25.58333206176757,24.541667938232425,24.58333206176757,1053300
1998-05-08,12.983997344970703,25.08333206176757,25.5,25.0,25.25,655800
1998-05-11,13.070274353027344,25.25,25.33333206176757,25.08333206176757,25.08333206176757,690600
1998-05-12,13.134976387023926,25.375,25.375,25.166667938232425,25.166667938232425,528300
1998-05-13,13.02713680267334,25.166667938232425,25.541667938232425,24.95833206176757,25.291667938232425,368100
1998-05-14,12.940862655639648,25.0,25.5,25.0,25.33333206176757,531750
1998-05-15,13.285950660705566,25.666667938232425,25.916667938232425,25.416667938232425,25.666667938232425,1059000
1998-05-18,13.846714973449709,26.75,26.75,25.75,25.83333206176757,646350
1998-05-19,13.458490371704102,26.0,26.75,25.75,26.75,781050
1998-05-20,13.307522773742676,25.70833206176757,26.08333206176757,25.25,26.0,472650
1998-05-21,13.631038665771484,26.33333206176757,26.5,25.375,25.58333206176757,1137750
1998-05-22,13.501630783081056,26.08333206176757,26.33333206176757,25.83333206176757,26.33333206176757,638850
1998-05-26,13.436933517456056,25.95833206176757,26.25,25.75,26.0,482550
1998-05-27,13.113410949707031,25.33333206176757,25.83333206176757,25.33333206176757,25.791667938232425,442650
1998-05-28,13.22124195098877,25.541667938232425,25.875,25.33333206176757,25.33333206176757,698850
1998-05-29,13.199681282043455,25.5,25.83333206176757,25.25,25.625,406350
1998-06-01,13.372220993041992,25.83333206176757,25.83333206176757,25.0,25.33333206176757,385350
1998-06-02,13.436933517456056,25.95833206176757,26.166667938232425,25.75,26.08333206176757,269850
1998-06-03,13.415361404418944,25.916667938232425,26.0,25.75,25.95833206176757,372900
1998-06-04,13.393794059753418,25.875,25.916667938232425,25.70833206176757,25.875,264450
1998-06-05,13.78201961517334,26.625,26.625,25.916667938232425,25.95833206176757,362550
1998-06-08,13.846714973449709,26.75,27.0,26.58333206176757,26.666667938232425,481200
1998-06-09,13.954562187194824,26.95833206176757,27.0,26.625,26.666667938232425,444150
1998-06-10,13.501630783081056,26.08333206176757,27.08333206176757,26.0,27.041667938232425,536250
1998-06-11,13.285950660705566,25.666667938232425,26.416667938232425,25.541667938232425,26.166667938232425,432600
1998-06-12,13.156539916992188,25.416667938232425,25.70833206176757,25.08333206176757,25.58333206176757,415800
1998-06-15,12.897722244262695,24.916667938232425,25.166667938232425,24.791667938232425,25.0,485850
1998-06-16,12.897722244262695,24.916667938232425,25.291667938232425,24.666667938232425,25.166667938232425,478050
1998-06-17,12.682050704956056,24.5,25.125,24.375,24.5,1051500
1998-06-18,12.897722244262695,24.916667938232425,25.125,24.416667938232425,24.416667938232425,571200
1998-06-19,13.02713680267334,25.166667938232425,25.166667938232425,24.83333206176757,24.916667938232425,636300
1998-06-22,13.005565643310549,25.125,25.25,25.0,25.08333206176757,402000
1998-06-23,13.070274353027344,25.25,25.33333206176757,25.166667938232425,25.25,314700
1998-06-24,13.178110122680664,25.45833206176757,25.5,25.20833206176757,25.33333206176757,479700
1998-06-25,13.307522773742676,25.70833206176757,25.83333206176757,25.416667938232425,25.45833206176757,558300
1998-06-26,13.436933517456056,25.95833206176757,26.0,25.666667938232425,25.70833206176757,591150
1998-06-29,13.393794059753418,25.875,26.166667938232425,25.83333206176757,26.08333206176757,282450
1998-06-30,13.566338539123535,26.20833206176757,26.25,25.75,25.791667938232425,425400
1998-07-01,13.113410949707031,25.33333206176757,26.25,25.25,26.20833206176757,874500
1998-07-02,12.940862655639648,25.0,25.33333206176757,24.416667938232425,25.33333206176757,2067300
1998-07-06,13.22124195098877,25.541667938232425,25.666667938232425,25.08333206176757,25.08333206176757,463800
1998-07-07,13.52320384979248,26.125,26.125,25.541667938232425,25.75,293100
1998-07-08,13.458490371704102,26.0,26.08333206176757,25.791667938232425,26.041667938232425,383550
1998-07-09,13.566338539123535,26.20833206176757,26.33333206176757,26.08333206176757,26.166667938232425,571350
1998-07-10,13.78201961517334,26.625,26.75,26.291667938232425,26.291667938232425,663150
1998-07-13,13.631038665771484,26.33333206176757,26.666667938232425,26.20833206176757,26.625,387750
1998-07-14,13.480066299438477,26.041667938232425,26.58333206176757,25.83333206176757,26.416667938232425,1186350
1998-07-15,13.393794059753418,25.875,26.125,25.791667938232425,25.916667938232425,467850
1998-07-16,13.78201961517334,26.625,26.625,25.75,25.875,802200
1998-07-17,14.127108573913574,27.291667938232425,27.291667938232425,26.166667938232425,26.58333206176757,1000950
1998-07-20,14.040843963623049,27.125,27.20833206176757,26.83333206176757,27.20833206176757,954750
1998-07-21,13.78201961517334,26.625,27.041667938232425,26.5,27.041667938232425,663600
1998-07-22,13.71731662750244,26.5,26.58333206176757,26.291667938232425,26.541667938232425,320700
1998-07-23,13.156539916992188,25.416667938232425,26.416667938232425,25.33333206176757,26.416667938232425,574050
1998-07-24,13.048698425292969,25.20833206176757,25.416667938232425,25.0,25.416667938232425,595500
1998-07-27,12.8114595413208,24.75,25.20833206176757,24.33333206176757,25.20833206176757,655650
1998-07-28,12.76832675933838,24.666667938232425,25.166667938232425,24.58333206176757,24.75,443550
1998-07-29,12.59577751159668,24.33333206176757,24.916667938232425,24.20833206176757,24.83333206176757,589350
1998-07-30,12.731525421142578,24.541667938232425,24.70833206176757,24.416667938232425,24.416667938232425,714000
1998-07-31,12.515365600585938,24.125,24.625,24.0,24.625,377100
1998-08-03,12.407289505004885,23.916667938232425,24.166667938232425,23.83333206176757,24.0,268050
1998-08-04,11.888519287109377,22.916667938232425,23.916667938232425,22.83333206176757,23.916667938232425,487350
1998-08-05,12.66667652130127,24.416667938232425,24.416667938232425,22.416667938232425,22.666667938232425,725100
1998-08-06,12.77474880218506,24.625,24.916667938232425,24.45833206176757,24.5,680700
1998-08-07,12.753141403198242,24.58333206176757,24.75,24.45833206176757,24.541667938232425,257400
1998-08-10,12.212753295898438,23.541667938232425,24.5,23.416667938232425,24.5,687000
1998-08-11,12.191131591796877,23.5,23.5,23.0,23.33333206176757,666900
1998-08-12,12.62344455718994,24.33333206176757,24.33333206176757,23.375,23.5,442650
1998-08-13,12.753141403198242,24.58333206176757,24.625,24.125,24.5,321900
1998-08-14,12.364057540893556,23.83333206176757,24.666667938232425,23.83333206176757,24.666667938232425,436950
1998-08-17,12.70990753173828,24.5,24.666667938232425,23.666667938232425,23.666667938232425,457200
1998-08-18,12.731525421142578,24.541667938232425,24.625,24.25,24.416667938232425,635550
1998-08-19,12.212753295898438,23.541667938232425,24.541667938232425,23.416667938232425,24.541667938232425,557100
1998-08-20,12.68829345703125,24.45833206176757,24.541667938232425,23.666667938232425,23.666667938232425,282000
1998-08-21,12.385672569274902,23.875,24.541667938232425,23.666667938232425,24.291667938232425,470100
1998-08-24,12.645062446594238,24.375,24.666667938232425,24.041667938232425,24.08333206176757,347400
1998-08-25,13.055749893188477,25.166667938232425,25.416667938232425,24.33333206176757,24.375,622500
1998-08-26,12.70990753173828,24.5,24.83333206176757,24.416667938232425,24.75,474600
1998-08-27,12.23436450958252,23.58333206176757,24.416667938232425,22.416667938232425,24.416667938232425,1090500
1998-08-28,12.039828300476074,23.20833206176757,24.125,22.75,23.58333206176757,583950
1998-08-31,10.829350471496582,20.875,23.166667938232425,20.75,23.125,504300
1998-09-01,11.953367233276367,23.041667938232425,23.041667938232425,21.33333206176757,21.33333206176757,724350
1998-09-02,12.1046781539917,23.33333206176757,23.916667938232425,23.0,23.83333206176757,581850
1998-09-03,11.564278602600098,22.291667938232425,23.166667938232425,22.166667938232425,23.166667938232425,856050
1998-09-04,11.04551124572754,21.291667938232425,22.625,21.166667938232425,22.291667938232425,709050
1998-09-08,12.039828300476074,23.20833206176757,23.20833206176757,21.75,21.791667938232425,534150
1998-09-09,11.564278602600098,22.291667938232425,23.20833206176757,22.25,23.20833206176757,519600
1998-09-10,11.283284187316896,21.75,22.291667938232425,21.70833206176757,22.291667938232425,340650
1998-09-11,11.715587615966797,22.58333206176757,22.70833206176757,21.75,21.791667938232425,356850
1998-09-14,11.412972450256348,22.0,22.58333206176757,21.95833206176757,22.58333206176757,441450
1998-09-15,11.499442100524902,22.166667938232425,22.229167938232425,21.625,22.0,577800
1998-09-16,10.63481616973877,20.5,22.20833206176757,20.0,22.166667938232425,1932750
1998-09-17,10.353816032409668,19.95833206176757,20.33333206176757,19.666667938232425,20.33333206176757,796350
1998-09-18,10.54835605621338,20.33333206176757,20.58333206176757,20.08333206176757,20.33333206176757,696600
1998-09-21,10.959046363830566,21.125,21.125,20.0,20.25,738750
1998-09-22,10.613204956054688,20.45833206176757,21.33333206176757,20.3125,21.041667938232425,1044900
1998-09-23,10.54835605621338,20.33333206176757,20.5,20.166667938232425,20.5,1051500
1998-09-24,10.46189785003662,20.166667938232425,20.416667938232425,20.041667938232425,20.166667938232425,599100
1998-09-25,10.721275329589844,20.666667938232425,20.70833206176757,19.75,20.08333206176757,1450950
1998-09-28,10.375426292419434,20.0,20.416667938232425,19.875,20.166667938232425,1775700
1998-09-29,10.54835605621338,20.33333206176757,20.375,19.75,20.041667938232425,775050
1998-09-30,10.22412109375,19.70833206176757,20.375,19.666667938232425,20.166667938232425,812850
1998-10-01,10.202507972717283,19.666667938232425,19.95833206176757,19.33333206176757,19.83333206176757,1019250
1998-10-02,9.92150592803955,19.125,19.916667938232425,19.08333206176757,19.666667938232425,1318200
1998-10-05,9.878276824951172,19.041667938232425,19.70833206176757,19.041667938232425,19.375,555600
1998-10-06,10.05119800567627,19.375,19.625,19.125,19.125,882150
1998-10-07,10.63481616973877,20.5,20.58333206176757,19.33333206176757,19.45833206176757,878700
1998-10-08,10.505127906799316,20.25,20.416667938232425,19.75,20.416667938232425,844350
1998-10-09,10.202507972717283,19.666667938232425,20.20833206176757,19.541667938232425,20.166667938232425,775350
1998-10-12,10.22412109375,19.70833206176757,20.20833206176757,19.625,19.83333206176757,379500
1998-10-13,9.899890899658203,19.08333206176757,19.791667938232425,18.666667938232425,19.70833206176757,1008750
1998-10-14,10.505127906799316,20.25,20.83333206176757,19.0,19.08333206176757,414000
1998-10-15,11.412972450256348,22.0,22.33333206176757,20.041667938232425,20.166667938232425,565350
1998-10-16,11.564278602600098,22.291667938232425,23.25,22.166667938232425,23.166667938232425,671700
1998-10-19,11.47782039642334,22.125,22.666667938232425,22.0,22.166667938232425,247200
1998-10-20,12.061439514160156,23.25,23.25,22.125,22.125,377850
1998-10-21,11.650741577148438,22.45833206176757,22.75,22.0,22.75,416850
1998-10-22,11.499442100524902,22.166667938232425,22.541667938232425,21.916667938232425,22.541667938232425,240150
1998-10-23,11.693975448608398,22.541667938232425,22.75,22.166667938232425,22.25,525900
1998-10-26,11.693975448608398,22.541667938232425,22.75,22.541667938232425,22.625,724800
1998-10-27,12.299205780029297,23.70833206176757,23.83333206176757,22.666667938232425,22.666667938232425,455700
1998-10-28,12.083060264587402,23.291667938232425,23.791667938232425,23.166667938232425,23.791667938232425,640650
1998-10-29,12.045791625976562,23.166667938232425,23.33333206176757,22.416667938232425,23.33333206176757,1038900
1998-10-30,12.154118537902832,23.375,24.08333206176757,23.33333206176757,23.416667938232425,965700
1998-11-02,12.934062004089355,24.875,24.916667938232425,23.33333206176757,23.33333206176757,722400
1998-11-03,12.522421836853027,24.08333206176757,24.875,23.75,24.875,333600
1998-11-04,12.955726623535156,24.916667938232425,24.916667938232425,24.25,24.25,482100
1998-11-05,12.435761451721191,23.916667938232425,24.75,23.75,24.75,388500
1998-11-06,12.479095458984377,24.0,24.08333206176757,23.83333206176757,23.83333206176757,312600
1998-11-09,12.825727462768556,24.666667938232425,24.875,24.0,24.166667938232425,455700
1998-11-10,12.435761451721191,23.916667938232425,24.666667938232425,23.916667938232425,24.666667938232425,310050
1998-11-11,12.2191162109375,23.5,24.08333206176757,23.20833206176757,23.916667938232425,398850
1998-11-12,12.175780296325684,23.416667938232425,23.666667938232425,23.166667938232425,23.58333206176757,231600
1998-11-13,12.175780296325684,23.416667938232425,23.666667938232425,23.25,23.58333206176757,249600
1998-11-16,12.175780296325684,23.416667938232425,24.25,23.416667938232425,23.5,504300
1998-11-17,12.089122772216797,23.25,23.58333206176757,23.125,23.5,325950
1998-11-18,12.197443962097168,23.45833206176757,23.45833206176757,22.916667938232425,23.416667938232425,612000
1998-11-19,12.284106254577637,23.625,23.83333206176757,23.33333206176757,23.541667938232425,273900
1998-11-20,12.089122772216797,23.25,23.83333206176757,23.25,23.83333206176757,409950
1998-11-23,12.154118537902832,23.375,23.58333206176757,23.08333206176757,23.33333206176757,681900
1998-11-24,11.699149131774902,22.5,23.166667938232425,21.75,23.166667938232425,3338550
1998-11-25,11.894134521484377,22.875,23.041667938232425,22.58333206176757,22.75,1027800
1998-11-27,12.435761451721191,23.916667938232425,24.0,23.25,23.25,347850
1998-11-30,12.2191162109375,23.5,25.0,23.375,24.08333206176757,520500
1998-12-01,12.955726623535156,24.916667938232425,25.166667938232425,22.75,23.541667938232425,1108050
1998-12-02,13.21570873260498,25.416667938232425,25.45833206176757,24.58333206176757,25.08333206176757,1383150
1998-12-03,12.479095458984377,24.0,25.166667938232425,23.916667938232425,25.166667938232425,564600
1998-12-04,12.565754890441896,24.166667938232425,24.33333206176757,23.70833206176757,24.125,626550
1998-12-07,12.912393569946287,24.83333206176757,25.0,24.20833206176757,24.33333206176757,504900
1998-12-08,12.652408599853516,24.33333206176757,25.08333206176757,23.83333206176757,25.08333206176757,376200
1998-12-09,12.175780296325684,23.416667938232425,24.416667938232425,22.95833206176757,24.375,541650
1998-12-10,11.85080623626709,22.791667938232425,22.916667938232425,22.416667938232425,22.416667938232425,1461150
1998-12-11,12.154118537902832,23.375,23.58333206176757,22.75,22.75,366150
1998-12-14,11.569157600402832,22.25,23.416667938232425,22.166667938232425,23.416667938232425,979050
1998-12-15,11.200848579406738,21.541667938232425,22.58333206176757,21.416667938232425,22.25,1434600
1998-12-16,11.39583969116211,21.916667938232425,22.25,21.625,21.625,811050
1998-12-17,11.049193382263184,21.25,21.916667938232425,21.20833206176757,21.83333206176757,1087650
1998-12-18,11.287511825561523,21.70833206176757,21.875,21.20833206176757,21.33333206176757,787650
1998-12-21,11.352509498596191,21.83333206176757,22.33333206176757,21.75,21.791667938232425,686850
1998-12-22,10.745882034301758,20.666667938232425,22.25,20.58333206176757,21.83333206176757,1321950
1998-12-23,11.547494888305664,22.20833206176757,22.33333206176757,20.75,20.75,1820850
1998-12-24,11.569157600402832,22.25,22.58333206176757,22.125,22.20833206176757,217350
1998-12-28,11.872468948364258,22.83333206176757,22.95833206176757,21.83333206176757,22.166667938232425,512550
1998-12-29,12.2191162109375,23.5,23.5,22.75,22.75,570300
1998-12-30,12.522421836853027,24.08333206176757,24.166667938232425,23.5,23.5,824550
1998-12-31,12.522421836853027,24.08333206176757,24.83333206176757,23.875,24.0,950850
1999-01-04,12.392434120178224,23.83333206176757,24.58333206176757,23.75,24.25,694800
1999-01-05,12.609084129333496,24.25,24.33333206176757,23.75,23.83333206176757,482400
1999-01-06,12.825727462768556,24.666667938232425,24.916667938232425,24.08333206176757,24.08333206176757,483300
1999-01-07,12.305773735046388,23.666667938232425,24.541667938232425,23.416667938232425,24.5,481650
1999-01-08,11.894134521484377,22.875,23.916667938232425,22.83333206176757,23.83333206176757,535500
1999-01-11,12.370772361755373,23.791667938232425,24.125,23.041667938232425,23.041667938232425,865050
1999-01-12,12.154118537902832,23.375,23.75,23.33333206176757,23.625,576900
1999-01-13,12.435761451721191,23.916667938232425,24.33333206176757,22.75,23.08333206176757,789600
1999-01-14,12.435761451721191,23.916667938232425,24.291667938232425,23.666667938232425,23.83333206176757,864450
1999-01-15,12.479095458984377,24.0,24.0,23.791667938232425,23.916667938232425,662850
1999-01-19,12.089122772216797,23.25,23.916667938232425,23.25,23.916667938232425,324150
1999-01-20,12.34910774230957,23.75,23.875,23.166667938232425,23.58333206176757,889350
1999-01-21,12.045791625976562,23.166667938232425,23.916667938232425,23.08333206176757,23.916667938232425,405000
1999-01-22,11.959131240844728,23.0,23.08333206176757,22.70833206176757,23.0,534300
1999-01-25,11.937472343444824,22.95833206176757,23.166667938232425,22.5,23.166667938232425,657000
1999-01-26,12.2191162109375,23.5,23.75,22.791667938232425,22.95833206176757,948750
1999-01-27,12.002459526062012,23.08333206176757,23.5,22.75,23.5,273000
1999-01-28,11.965116500854492,22.95833206176757,23.166667938232425,22.791667938232425,23.166667938232425,372450
1999-01-29,12.8988676071167,24.75,25.166667938232425,22.916667938232425,22.95833206176757,1292700
1999-02-01,12.334269523620604,23.666667938232425,24.791667938232425,23.666667938232425,24.791667938232425,631200
1999-02-02,12.855440139770508,24.666667938232425,24.70833206176757,23.291667938232425,23.5,927300
1999-02-03,13.029160499572754,25.0,25.5,24.5,24.666667938232425,1735050
1999-02-04,13.268021583557127,25.45833206176757,25.75,24.70833206176757,25.33333206176757,1499100
1999-02-05,13.202878952026367,25.33333206176757,25.58333206176757,25.0,25.5,1114650
1999-02-08,13.333173751831056,25.58333206176757,25.916667938232425,25.20833206176757,25.25,1205100
1999-02-09,13.202878952026367,25.33333206176757,26.33333206176757,25.33333206176757,25.666667938232425,1231650
1999-02-10,13.202878952026367,25.33333206176757,25.75,24.666667938232425,25.375,1092450
1999-02-11,13.550317764282228,26.0,26.041667938232425,25.166667938232425,25.33333206176757,1410300
1999-02-12,13.550317764282228,26.0,26.25,25.375,25.916667938232425,1064100
1999-02-16,13.745760917663574,26.375,26.58333206176757,26.08333206176757,26.08333206176757,1538550
1999-02-17,13.550317764282228,26.0,26.25,25.83333206176757,26.25,1201650
1999-02-18,13.22459316253662,25.375,25.83333206176757,25.08333206176757,25.83333206176757,1028400
1999-02-19,13.159443855285645,25.25,25.666667938232425,24.666667938232425,25.166667938232425,1516500
1999-02-22,13.550317764282228,26.0,26.25,25.291667938232425,25.33333206176757,1335750
1999-02-23,13.311456680297852,25.541667938232425,26.0,25.33333206176757,26.0,864150
1999-02-24,12.812005996704102,24.58333206176757,25.58333206176757,24.20833206176757,25.45833206176757,1104150
1999-02-25,12.985733032226562,24.916667938232425,25.125,24.5,24.58333206176757,711600
1999-02-26,12.877148628234863,24.70833206176757,25.08333206176757,24.58333206176757,25.0,904200
1999-03-01,12.855440139770508,24.666667938232425,25.20833206176757,24.416667938232425,24.5,671550
1999-03-02,13.094300270080566,25.125,25.20833206176757,24.70833206176757,24.70833206176757,715650
1999-03-03,13.550317764282228,26.0,26.166667938232425,24.95833206176757,25.125,1879050
1999-03-04,13.897771835327148,26.666667938232425,26.75,26.166667938232425,26.33333206176757,1990650
1999-03-05,14.071487426757812,27.0,27.291667938232425,26.916667938232425,26.916667938232425,1654050
1999-03-08,14.22349452972412,27.291667938232425,27.291667938232425,26.83333206176757,27.08333206176757,1909200
1999-03-09,14.375510215759276,27.58333206176757,27.791667938232425,27.416667938232425,27.45833206176757,1410900
1999-03-10,14.245208740234377,27.33333206176757,27.916667938232425,27.166667938232425,27.666667938232425,1045350
1999-03-11,14.5057954788208,27.83333206176757,28.0,27.20833206176757,27.25,1494000
1999-03-12,14.397214889526367,27.625,28.166667938232425,27.541667938232425,27.75,907200
1999-03-15,14.592660903930664,28.0,28.166667938232425,27.666667938232425,27.666667938232425,834000
1999-03-16,14.462367057800291,27.75,28.125,27.625,27.75,621300
1999-03-17,13.941208839416504,26.75,27.875,26.75,27.875,630100
1999-03-18,14.560083389282228,27.9375,28.5,26.5,26.75,998700
1999-03-19,14.885819435119627,28.5625,28.75,27.75,28.0,869400
1999-03-22,14.918380737304688,28.625,29.0,28.25,28.5625,629600
1999-03-23,14.527509689331056,27.875,29.0625,27.875,29.0,932900
1999-03-24,14.65780544281006,28.125,29.0,27.6875,27.875,680200
1999-03-25,14.918380737304688,28.625,28.75,28.25,28.625,584900
1999-03-26,15.602412223815918,29.9375,30.125,27.8125,28.125,970100
1999-03-29,15.472128868103027,29.6875,29.875,29.0,29.8125,807600
1999-03-30,15.569844245910645,29.875,30.375,29.375,29.625,861600
1999-03-31,15.08125114440918,28.9375,30.375,28.9375,30.125,612600
1999-04-01,14.722947120666504,28.25,29.1875,27.5625,29.0,967500
1999-04-05,15.04868507385254,28.875,29.0,28.5,28.5,602800
1999-04-06,14.527509689331056,27.875,29.0,27.8125,28.9375,974100
1999-04-07,14.918380737304688,28.625,28.625,28.0625,28.125,508200
1999-04-08,15.634980201721191,30.0,30.0,28.5,28.625,842800
1999-04-09,15.667557716369627,30.0625,30.375,29.625,30.125,896000
1999-04-12,15.76528549194336,30.25,30.375,29.5,29.875,676300
1999-04-13,15.602412223815918,29.9375,30.8125,29.75,30.5,1027400
1999-04-14,15.700133323669434,30.125,30.5,29.75,29.9375,962000
1999-04-15,16.677326202392578,32.0,33.875,31.625,31.75,2045500
1999-04-16,17.003055572509766,32.625,33.0,32.1875,32.5,1572300
1999-04-19,17.165912628173828,32.9375,34.25,32.625,33.125,1147100
1999-04-20,16.677326202392578,32.0,33.1875,32.0,32.9375,1127300
1999-04-21,16.384166717529297,31.4375,32.375,30.6875,32.0,1440500
1999-04-22,16.74246597290039,32.125,32.5,31.75,32.0,1102800
1999-04-23,17.133344650268555,32.875,33.375,31.875,32.0625,1042000
1999-04-26,17.980236053466797,34.5,34.5,33.375,34.375,1210800
1999-04-27,17.198482513427734,33.0,34.625,32.75,34.5,1331600
1999-04-28,17.3939208984375,33.375,33.8125,32.875,33.5,1119600
1999-04-29,17.19682502746582,32.9375,33.5625,32.9375,33.25,1046000
1999-04-30,18.20841217041016,34.875,34.875,32.75,33.1875,1417700
1999-05-03,19.05683135986328,36.5,37.0,35.25,35.25,3322800
1999-05-04,18.469463348388672,35.375,36.875,34.875,36.75,1542200
1999-05-05,18.11051177978516,34.6875,35.625,34.25,35.625,463600
1999-05-06,17.62104034423828,33.75,36.0625,33.75,34.6875,909900
1999-05-07,17.68630599975586,33.875,34.5,33.5625,33.875,884800
1999-05-10,16.83787727355957,32.25,34.25,31.5,34.25,1479400
1999-05-11,16.870515823364258,32.3125,32.875,31.5,32.75,1858600
1999-05-12,17.490510940551758,33.5,33.6875,32.25,32.625,1283300
1999-05-13,16.83787727355957,32.25,34.0,32.25,34.0,1024500
1999-05-14,16.31578254699707,31.25,31.875,30.75,31.5,1693000
1999-05-17,16.250511169433594,31.125,31.875,30.5,31.625,921700
1999-05-18,16.381044387817383,31.375,32.375,30.875,31.125,1266900
1999-05-19,16.087358474731445,30.8125,32.125,29.6875,31.625,1293400
1999-05-20,15.891562461853027,30.4375,31.25,30.25,30.9375,962900
1999-05-21,15.369462966918944,29.4375,30.75,28.75,30.5625,2301000
1999-05-24,15.467358589172363,29.625,30.75,29.625,29.875,2027200
1999-05-25,15.761042594909668,30.1875,30.625,29.5,29.875,1538000
1999-05-26,15.467358589172363,29.625,30.375,29.1875,30.375,1236900
1999-05-27,14.618945121765137,28.0,29.375,27.875,29.25,2037200
1999-05-28,15.010516166687012,28.75,29.5,28.25,28.375,735800
1999-06-01,15.010516166687012,28.75,29.0,27.75,28.5,1139000
1999-06-02,14.684203147888184,28.125,29.125,28.0625,29.0,812200
1999-06-03,15.10841464996338,28.9375,29.1875,28.125,28.125,820000
1999-06-04,15.1410493850708,29.0,29.25,28.75,29.25,1212700
1999-06-07,14.423144340515137,27.625,28.8125,27.375,28.75,891500
1999-06-08,14.325251579284668,27.4375,27.875,27.0,27.5,766500
1999-06-09,14.618945121765137,28.0,28.375,27.4375,27.4375,729300
1999-06-10,14.488409996032717,27.75,28.4375,27.625,27.875,664800
1999-06-11,14.488409996032717,27.75,28.75,27.75,27.8125,675100
1999-06-14,15.206303596496582,29.125,29.1875,28.0,28.0,642400
1999-06-15,14.651572227478027,28.0625,29.125,28.0625,28.625,602100
1999-06-16,15.17367172241211,29.0625,29.4375,28.125,28.1875,1461900
1999-06-17,15.1410493850708,29.0,29.4375,28.5,29.0,744600
1999-06-18,15.336833953857422,29.375,29.5,29.0,29.5,648600
1999-06-21,15.17367172241211,29.0625,29.3125,28.5625,29.3125,538700
1999-06-22,15.010516166687012,28.75,29.5,28.5,29.0,958500
1999-06-23,15.043150901794434,28.8125,29.0,28.125,28.9375,616500
1999-06-24,14.84736156463623,28.4375,28.625,28.0625,28.625,644500
1999-06-25,14.39051914215088,27.5625,28.3125,27.4375,28.3125,605900
1999-06-28,14.325251579284668,27.4375,27.625,27.1875,27.5625,657100
1999-06-29,14.488409996032717,27.75,28.0625,26.5,27.3125,1566100
1999-06-30,14.586307525634766,27.9375,28.25,26.6875,27.5,541700
1999-07-01,14.259987831115724,27.3125,27.9375,27.0,27.9375,650400
1999-07-02,14.259987831115724,27.3125,27.375,26.6875,27.25,463900
1999-07-06,13.639986038208008,26.125,27.125,25.9375,26.875,1235900
1999-07-07,14.03156566619873,26.875,27.1875,26.0,26.0625,938300
1999-07-08,13.18314266204834,25.25,26.75,25.25,26.75,1362000
1999-07-09,13.18314266204834,25.25,26.125,25.25,25.5,2229200
1999-07-12,12.661046981811523,24.25,25.75,24.125,25.5,1321800
1999-07-13,13.18314266204834,25.25,25.4375,24.5,24.5,3560100
1999-07-14,13.672626495361328,26.1875,26.3125,25.375,25.5625,1266000
1999-07-15,14.423144340515137,27.625,28.625,27.25,27.6875,5659500
1999-07-16,14.423144340515137,27.625,28.5625,27.5625,28.125,2229200
1999-07-19,14.618945121765137,28.0,28.3125,27.75,28.25,1037700
1999-07-20,14.259987831115724,27.3125,28.25,26.9375,28.0625,835900
1999-07-21,14.194727897644045,27.1875,27.4375,26.9375,27.3125,915100
1999-07-22,13.835784912109377,26.5,27.125,26.5,27.0,945700
1999-07-23,14.096830368041992,27.0,27.125,26.75,26.75,863300
1999-07-26,13.444205284118652,25.75,26.5625,25.375,26.375,943800
1999-07-27,13.476839065551758,25.8125,26.0625,25.5625,26.0,1412600
1999-07-28,13.574721336364746,26.0,26.3125,25.875,26.0625,660800
1999-07-29,13.475302696228027,25.75,26.1875,25.0625,25.375,777600
1999-07-30,13.606120109558104,26.0,26.25,25.6875,26.0,633100
1999-08-02,13.835077285766602,26.4375,27.25,26.125,26.625,989900
1999-08-03,13.573420524597168,25.9375,26.5625,25.625,26.3125,783200
1999-08-04,13.671536445617676,26.125,26.8125,25.75,25.8125,1114100
1999-08-05,13.900492668151855,26.5625,27.1875,25.875,26.125,1229800
1999-08-06,13.80236530303955,26.375,26.6875,26.0,26.3125,382200
1999-08-09,13.409884452819824,25.625,26.5,25.5,26.375,460700
1999-08-10,12.886566162109377,24.625,25.25,24.125,25.25,835400
1999-08-11,13.21363639831543,25.25,25.4375,24.625,24.625,829200
1999-08-12,13.37717342376709,25.5625,25.9375,25.0,25.5,463000
1999-08-13,14.064021110534668,26.875,27.1875,26.625,27.0,1081300
1999-08-16,14.031319618225098,26.8125,27.125,26.75,27.0,653100
1999-08-17,13.96590805053711,26.6875,27.0,26.625,26.9375,399800
1999-08-18,13.573420524597168,25.9375,26.6875,25.75,26.6875,905100
1999-08-19,13.34446907043457,25.5,25.875,25.5,25.8125,419700
1999-08-20,13.606120109558104,26.0,26.25,25.625,25.75,305000
1999-08-23,13.508011817932127,25.8125,26.25,25.6875,26.0,726500
1999-08-24,13.27905559539795,25.375,25.9375,25.125,25.9375,476700
1999-08-25,13.86778736114502,26.5,26.5,25.625,26.0,605600
1999-08-26,13.998618125915527,26.75,27.375,26.5,26.5,745200
1999-08-27,13.606120109558104,26.0,26.8125,25.6875,26.75,292300
1999-08-30,13.180941581726074,25.1875,25.6875,25.0625,25.25,388800
1999-08-31,12.788453102111816,24.4375,25.25,24.3125,25.1875,966900
1999-09-01,12.853866577148438,24.5625,24.625,23.75,24.5,499600
1999-09-02,12.853866577148438,24.5625,24.75,23.875,24.5625,430600
1999-09-03,13.050100326538086,24.9375,25.25,24.5,24.5625,736100
1999-09-07,13.21363639831543,25.25,25.75,25.125,25.125,583700
1999-09-08,12.984688758850098,24.8125,25.25,24.8125,25.125,404600
1999-09-09,12.821158409118652,24.5,26.375,24.0625,25.875,1877900
1999-09-10,12.984688758850098,24.8125,25.0625,24.625,24.75,2091800
1999-09-13,12.690332412719728,24.25,24.8125,24.125,24.75,785500
1999-09-14,12.526793479919434,23.9375,24.6875,23.875,24.25,568700
1999-09-15,12.134307861328123,23.1875,24.5,23.1875,24.4375,804500
1999-09-16,11.87265396118164,22.6875,24.0,22.625,23.375,1042000
1999-09-17,11.839946746826172,22.625,23.1875,22.625,22.875,1165600
1999-09-20,11.938064575195312,22.8125,23.0,22.6875,22.75,499900
1999-09-21,11.610998153686523,22.1875,22.875,22.1875,22.5625,1085300
1999-09-22,11.64370346069336,22.25,23.25,21.9375,22.375,819400
1999-09-23,11.70911979675293,22.375,22.75,22.125,22.375,890800
1999-09-24,11.938064575195312,22.8125,23.4375,22.375,22.4375,763800
1999-09-27,11.676414489746094,22.3125,23.0625,22.3125,22.8125,416900
1999-09-28,11.447463989257812,21.875,22.3125,21.5,22.0625,1012100
1999-09-29,11.545586585998535,22.0625,22.3125,21.875,21.9375,808900
1999-09-30,11.25121784210205,21.5,22.25,21.4375,22.125,823600
1999-10-01,11.545586585998535,22.0625,22.25,21.25,21.75,1321200
1999-10-04,10.629785537719728,20.3125,21.375,19.0,20.75,3099600
1999-10-05,11.185803413391112,21.375,21.75,20.75,20.875,2167600
1999-10-06,11.447463989257812,21.875,23.0,21.5625,23.0,1203200
1999-10-07,10.98956298828125,21.0,21.9375,20.875,21.875,939400
1999-10-08,10.564372062683104,20.1875,21.125,20.125,21.0,1445300
1999-10-11,11.480169296264648,21.9375,22.0625,20.5625,20.5625,841600
1999-10-12,11.447463989257812,21.875,22.5,21.6875,22.1875,973300
1999-10-13,10.956853866577148,20.9375,21.9375,20.875,21.625,1054000
1999-10-14,10.073769569396973,19.25,21.0,18.25,20.9375,4661200
1999-10-15,9.713990211486816,18.5625,19.0,17.875,19.0,3883900
1999-10-18,9.942938804626465,19.0,19.0625,18.5,18.8125,1532200
1999-10-19,9.844820022583008,18.8125,19.625,18.75,19.0,1578400
1999-10-20,9.910231590270996,18.9375,19.375,18.75,18.875,1116700
1999-10-21,9.517746925354004,18.1875,19.0625,18.125,18.9375,1804500
1999-10-22,9.681281089782717,18.5,18.625,18.125,18.3125,1174300
1999-10-25,9.746692657470703,18.625,19.0,18.125,18.5,1159100
1999-10-26,9.713990211486816,18.5625,19.375,18.5,19.0625,1170800
1999-10-27,10.073769569396973,19.25,19.375,18.5625,18.5625,1348600
1999-10-28,11.023923873901367,21.0,21.875,19.3125,19.375,2439300
1999-10-29,10.827067375183104,20.625,22.75,20.4375,22.0,2069100
1999-11-01,10.695834159851074,20.375,21.25,20.3125,20.6875,687500
1999-11-02,10.794261932373049,20.5625,21.0,20.375,20.4375,713000
1999-11-03,11.286394119262695,21.5,21.9375,20.5625,20.625,2376800
1999-11-04,11.51606559753418,21.9375,22.0625,21.5625,22.0,851000
1999-11-05,12.1066312789917,23.0625,23.4375,22.25,22.25,1674900
1999-11-08,11.778541564941406,22.4375,23.3125,21.9375,23.125,1271300
1999-11-09,11.548877716064451,22.0,23.375,21.75,23.0,1173200
1999-11-10,11.64730453491211,22.1875,22.375,22.0,22.0,863700
1999-11-11,11.58168601989746,22.0625,22.6875,21.875,22.625,1055700
1999-11-12,11.548877716064451,22.0,22.375,21.6875,22.3125,792900
1999-11-15,12.237871170043944,23.3125,23.5625,22.0,22.0,1238500
1999-11-16,12.336294174194336,23.5,24.25,23.375,24.0,993800
1999-11-17,12.205060005187988,23.25,23.6875,22.625,23.625,668200
1999-11-18,11.97539234161377,22.8125,23.1875,22.5,23.125,519100
1999-11-19,12.041010856628418,22.9375,23.1875,22.5,22.5625,507300
1999-11-22,11.548877716064451,22.0,22.9375,21.875,22.875,1254300
1999-11-23,11.51606559753418,21.9375,22.1875,21.5625,22.0,783800
1999-11-24,11.942582130432127,22.75,23.0,22.125,22.125,867300
1999-11-26,12.041010856628418,22.9375,23.125,22.75,22.75,486700
1999-11-29,11.7457275390625,22.375,23.125,22.375,23.125,974900
1999-11-30,11.319205284118652,21.5625,22.75,21.5625,22.375,916400
1999-12-01,11.286394119262695,21.5,22.1875,21.5,21.8125,622400
1999-12-02,10.925494194030762,20.8125,21.875,20.625,21.75,887100
1999-12-03,10.925494194030762,20.8125,21.25,20.5625,21.0625,724000
1999-12-06,11.253588676452637,21.4375,21.875,21.0625,21.875,541000
1999-12-07,11.15516185760498,21.25,21.8125,19.9375,21.625,1747600
1999-12-08,11.614495277404783,22.125,23.0,21.5625,23.0,2060100
1999-12-09,10.564595222473145,20.125,22.25,20.0625,22.0625,2138200
1999-12-10,11.023923873901367,21.0,21.0,20.3125,20.625,1875100
1999-12-13,10.695834159851074,20.375,21.0,20.25,21.0,899900
1999-12-14,10.105266571044922,19.25,20.625,19.25,20.125,1186700
1999-12-15,9.481887817382812,18.0625,19.4375,17.5625,19.375,3796700
1999-12-16,9.416271209716797,17.9375,18.75,17.5,18.3125,1890000
1999-12-17,9.77716827392578,18.625,19.1875,17.9375,17.9375,2477700
1999-12-20,9.28503131866455,17.6875,18.6875,17.625,18.25,1663800
1999-12-21,9.12098789215088,17.375,17.9375,16.875,17.6875,1747600
1999-12-22,9.022557258605955,17.1875,17.25,17.0,17.25,959100
1999-12-23,9.51469612121582,18.125,18.4375,17.0625,17.125,1678000
1999-12-27,9.580310821533203,18.25,18.9375,18.25,18.25,1074100
1999-12-28,9.547505378723145,18.1875,18.5625,18.0625,18.25,1010100
1999-12-29,9.51469612121582,18.125,18.9375,18.0,18.8125,630400
1999-12-30,9.77716827392578,18.625,18.6875,17.9375,18.0625,1156400
1999-12-31,9.94121551513672,18.9375,19.125,18.3125,18.4375,695800
2000-01-03,9.67874526977539,18.4375,18.9375,18.375,18.8125,919500
2000-01-04,9.055365562438965,17.25,18.5625,17.1875,18.375,1595100
2000-01-05,8.628846168518066,16.4375,17.1875,16.375,17.1875,1963700
2000-01-06,8.39918327331543,16.0,16.4375,15.8125,16.4375,3379300
2000-01-07,8.694467544555664,16.5625,16.75,15.875,16.0,2481600
2000-01-10,9.088180541992188,17.3125,17.4375,16.5625,16.5625,1366800
2000-01-11,8.858512878417969,16.875,17.4375,16.875,17.25,1607900
2000-01-12,8.989750862121582,17.125,17.375,16.9375,17.0,751200
2000-01-13,8.9241304397583,17.0,17.375,17.0,17.0625,717900
2000-01-14,8.661654472351074,16.5,17.125,16.5,17.0625,834200
2000-01-18,8.596035957336426,16.375,16.75,16.3125,16.3125,585800
2000-01-19,8.39918327331543,16.0,16.5,15.875,16.375,1707900
2000-01-20,8.136709213256836,15.5,16.0625,15.375,16.0625,1500700
2000-01-21,8.136709213256836,15.5,16.125,15.4375,15.625,1731700
2000-01-24,8.300751686096191,15.8125,16.0625,15.5,15.5625,1244900
2000-01-25,8.071088790893555,15.375,15.875,15.0625,15.75,1172500
2000-01-26,8.235136985778809,15.6875,15.6875,15.0625,15.1875,1271900
2000-01-27,8.136709213256836,15.5,15.875,15.3125,15.3125,556900
2000-01-28,8.168327331542969,15.5,15.8125,15.1875,15.8125,610600
2000-01-31,7.9048309326171875,15.0,15.8125,15.0,15.5,1270600
2000-02-01,8.036576271057129,15.25,15.375,14.9375,15.125,1045200
2000-02-02,8.267139434814453,15.6875,16.5,15.3125,15.375,1542900
2000-02-03,8.662378311157227,16.4375,16.75,15.6875,15.6875,1403900
2000-02-04,8.365944862365723,15.875,16.75,15.6875,16.625,1407500
2000-02-07,8.46475601196289,16.0625,16.375,15.8125,16.0625,1079000
2000-02-08,8.563569068908691,16.25,16.75,15.5,16.5,2469800
2000-02-09,8.300071716308594,15.75,16.3125,15.25,16.25,974800
2000-02-10,7.9048309326171875,15.0,15.5625,14.875,15.5,1901400
2000-02-11,7.93776798248291,15.0625,15.3125,14.375,15.0625,1987100
2000-02-14,8.333009719848633,15.8125,16.125,15.25,15.25,2054700
2000-02-15,8.365944862365723,15.875,16.3125,15.8125,15.9375,1586600
2000-02-16,8.333009719848633,15.8125,16.125,15.625,15.875,1465700
2000-02-17,8.168327331542969,15.5,15.9375,15.4375,15.8125,967900
2000-02-18,8.10245418548584,15.375,16.1875,15.25,15.4375,1651700
2000-02-22,8.168327331542969,15.5,15.8125,15.1875,15.4375,1094600
2000-02-23,7.93776798248291,15.0625,15.4375,14.9375,15.4375,854900
2000-02-24,7.641340255737305,14.5,15.125,14.4375,15.0625,1243300
2000-02-25,8.431822776794434,16.0,16.0625,14.5,14.5625,2724600
2000-02-28,8.300071716308594,15.75,16.0625,15.3125,15.9375,1804600
2000-02-29,8.300071716308594,15.75,16.0625,15.625,15.75,1321300
2000-03-01,8.10245418548584,15.375,15.9375,15.375,15.75,1642200
2000-03-02,8.036576271057129,15.25,15.5625,15.1875,15.375,1344800
2000-03-03,8.234203338623047,15.625,15.625,15.1875,15.25,922500
2000-03-06,8.069518089294434,15.3125,15.375,15.1875,15.375,906200
2000-03-07,7.641340255737305,14.5,15.25,14.375,15.25,1541300
2000-03-08,7.443714141845703,14.125,14.4375,13.75,14.375,1557300
2000-03-09,7.70720911026001,14.625,14.6875,13.9375,14.25,714700
2000-03-10,7.575465679168701,14.375,14.6875,14.0,14.0625,926500
2000-03-13,7.641340255737305,14.5,14.75,14.1875,14.375,708300
2000-03-14,7.674270153045654,14.5625,14.75,14.375,14.5,893000
2000-03-15,7.9048309326171875,15.0,15.125,14.5625,14.5625,1084300
2000-03-16,8.168327331542969,15.5,15.6875,15.0,15.0,1501400
2000-03-17,8.267139434814453,15.6875,15.8125,15.4375,15.5,908000
2000-03-20,8.398886680603027,15.9375,16.125,15.75,15.9375,610600
2000-03-21,8.497694969177246,16.125,16.3125,15.875,15.9375,960800
2000-03-22,8.497694969177246,16.125,16.375,16.0625,16.125,1134600
2000-03-23,8.629438400268555,16.375,16.4375,16.0625,16.125,1236200
2000-03-24,8.728255271911621,16.5625,16.875,16.3125,16.3125,1141700
2000-03-27,8.892936706542969,16.875,16.9375,16.4375,16.5625,2121700
2000-03-28,8.958810806274414,17.0,17.5,16.5,16.8125,1561000
2000-03-29,8.431822776794434,16.0,17.25,15.625,17.0,1802100
2000-03-30,8.7941255569458,16.6875,16.75,16.0,16.125,1133400
2000-03-31,8.7941255569458,16.6875,17.25,16.375,16.5,1103800
2000-04-03,8.761187553405762,16.625,16.8125,16.375,16.625,446400
2000-04-04,8.761187553405762,16.625,17.0,15.375,16.6875,683200
2000-04-05,8.892936706542969,16.875,17.1875,16.25,16.6875,542900
2000-04-06,9.15643310546875,17.375,17.375,16.875,17.25,1474100
2000-04-07,8.925873756408691,16.9375,17.875,16.8125,17.375,981900
2000-04-10,9.222305297851562,17.5,17.5625,16.6875,17.0,955800
2000-04-11,9.222305297851562,17.5,17.75,17.0625,17.3125,642100
2000-04-12,8.761187553405762,16.625,17.75,16.5,17.625,706800
2000-04-13,8.925873756408691,16.9375,17.125,16.75,17.0,465100
2000-04-14,8.168327331542969,15.5,16.9375,15.25,16.5,1206600
2000-04-17,8.333009719848633,15.8125,15.8125,15.0,15.0,840200
2000-04-18,8.431822776794434,16.0,16.0,15.6875,15.8125,713400
2000-04-19,8.497694969177246,16.125,16.4375,16.0,16.0,570400
2000-04-20,8.234203338623047,15.625,16.125,15.5,15.875,590000
2000-04-24,8.300071716308594,15.75,15.9375,15.625,15.8125,492100
2000-04-25,8.46475601196289,16.0625,16.25,15.6875,16.125,858700
2000-04-26,8.563569068908691,16.25,16.4375,15.8125,16.0625,476000
2000-04-27,8.628364562988281,16.3125,16.4375,15.875,16.375,490400
2000-04-28,8.430011749267578,15.9375,16.375,15.625,16.25,337600
2000-05-01,8.4630708694458,16.0,16.1875,15.5,15.875,479100
2000-05-02,8.297773361206055,15.6875,15.9375,15.5,15.6875,458800
2000-05-03,8.231657981872559,15.5625,16.0,15.375,15.75,532900
2000-05-04,8.13248062133789,15.375,15.6875,15.3125,15.3125,989200
2000-05-05,8.264718055725098,15.625,15.75,15.375,15.5,356700
2000-05-08,8.297773361206055,15.6875,15.6875,15.375,15.375,276800
2000-05-09,8.4630708694458,16.0,16.0,15.5625,15.6875,810700
2000-05-10,8.430011749267578,15.9375,15.9375,15.625,15.75,471500
2000-05-11,8.661421775817871,16.375,16.375,15.9375,16.0,587600
2000-05-12,8.892831802368164,16.8125,17.0,16.25,16.3125,1034000
2000-05-15,9.19036102294922,17.375,17.375,16.375,16.375,721400
2000-05-16,9.322598457336426,17.625,17.625,16.9375,17.25,604500
2000-05-17,9.223422050476074,17.4375,17.625,17.0625,17.5625,316100
2000-05-18,9.587068557739258,18.125,18.5625,17.4375,17.4375,810700
2000-05-19,9.05813217163086,17.125,18.0,17.0625,17.75,465400
2000-05-22,8.958950996398926,16.9375,17.5,16.6875,17.5,353100
2000-05-23,9.12424373626709,17.25,17.375,16.875,16.9375,419600
2000-05-24,9.025065422058104,17.0625,17.5,16.8125,17.5,424700
2000-05-25,9.025065422058104,17.0625,17.5625,16.875,17.125,462900
2000-05-26,8.694478988647461,16.4375,17.0625,16.3125,17.0,714100
2000-05-30,8.628364562988281,16.3125,16.8125,15.9375,16.5,712100
2000-05-31,8.661421775817871,16.375,16.625,16.3125,16.375,491700
2000-06-01,8.694478988647461,16.4375,16.4375,16.0625,16.125,431300
2000-06-02,9.05813217163086,17.125,17.6875,16.5,16.5,858400
2000-06-05,8.826716423034668,16.6875,17.375,16.625,17.375,883400
2000-06-06,8.694478988647461,16.4375,16.6875,16.4375,16.5625,485000
2000-06-07,8.760598182678223,16.5625,16.6875,16.4375,16.5,548000
2000-06-08,8.529187202453613,16.125,16.5,16.0625,16.375,686900
2000-06-09,8.694478988647461,16.4375,16.75,16.125,16.125,811700
2000-06-12,8.760598182678223,16.5625,16.75,16.4375,16.5,748100
2000-06-13,8.992009162902832,17.0,17.4375,16.625,16.625,749500
2000-06-14,9.19036102294922,17.375,17.5,16.875,16.875,524600
2000-06-15,9.25648021697998,17.5,17.6875,17.375,17.625,753300
2000-06-16,9.157306671142578,17.3125,17.75,17.125,17.6875,660100
2000-06-19,8.92589282989502,16.875,17.75,16.8125,17.4375,521900
2000-06-20,8.892831802368164,16.8125,17.125,16.1875,17.125,584100
2000-06-21,8.92589282989502,16.875,17.3125,16.6875,16.75,658400
2000-06-22,8.793652534484863,16.625,16.9375,16.375,16.8125,465100
2000-06-23,8.92589282989502,16.875,17.0625,16.3125,16.375,537500
2000-06-26,8.92589282989502,16.875,17.125,16.75,16.75,369100
2000-06-27,8.992009162902832,17.0,17.0625,16.75,16.75,536900
2000-06-28,9.099451065063477,17.203125,17.25,17.0,17.0625,430600
2000-06-29,9.025065422058104,17.0625,17.1875,16.625,17.0625,404000
2000-06-30,7.967183113098144,15.0625,17.125,15.0625,17.0,933200
2000-07-03,8.892831802368164,16.8125,17.0,16.0,16.0,582100
2000-07-05,9.025065422058104,17.0625,17.8125,16.8125,16.9375,972500
2000-07-06,8.958950996398926,16.9375,17.0625,16.8125,16.8125,643300
2000-07-07,8.859771728515625,16.75,17.0,16.6875,17.0,287900
2000-07-10,8.826716423034668,16.6875,16.875,16.625,16.75,416700
2000-07-11,8.628364562988281,16.3125,16.75,16.1875,16.75,531800
2000-07-12,8.3638916015625,15.8125,16.4375,15.75,16.3125,581300
2000-07-13,8.694478988647461,16.4375,16.5,15.6875,15.8125,821000
2000-07-14,8.793652534484863,16.625,16.6875,16.4375,16.4375,760900
2000-07-17,8.760598182678223,16.5625,16.875,16.5,16.6875,367400
2000-07-18,8.628364562988281,16.3125,16.625,16.3125,16.5,238900
2000-07-19,8.430011749267578,15.9375,16.3125,15.9375,16.3125,223100
2000-07-20,6.380359649658203,12.0625,13.5,12.0625,13.25,6313900
2000-07-21,5.818359375,11.0,11.875,10.375,11.8125,6054900
2000-07-24,6.182009220123291,11.6875,11.8125,11.1875,11.5,1741100
2000-07-25,6.115890979766846,11.5625,11.9375,11.5,11.875,918400
2000-07-26,6.182009220123291,11.6875,12.4375,11.5625,11.5625,1455500
2000-07-27,6.347301006317139,12.0,12.0,11.6875,11.75,518400
2000-07-28,5.980498790740967,11.25,12.0,11.0625,11.875,668400
2000-07-31,6.046948432922363,11.375,11.5,11.125,11.125,585900
2000-08-01,5.914048194885254,11.125,11.375,11.0,11.25,1134100
2000-08-02,5.947269439697266,11.1875,11.8125,11.1875,11.25,491100
2000-08-03,5.714699745178223,10.75,11.25,10.5625,11.1875,1029700
2000-08-04,5.482122421264648,10.3125,11.0,10.1875,10.75,2131800
2000-08-07,5.747922897338867,10.8125,10.875,10.375,10.4375,1413300
2000-08-08,5.648247241973877,10.625,10.8125,10.5,10.5625,809700
2000-08-09,5.648247241973877,10.625,10.6875,10.5,10.5,929700
2000-08-10,5.847596645355225,11.0,11.0625,10.625,10.625,1212800
2000-08-11,5.78114652633667,10.875,11.0,10.75,10.9375,614300
2000-08-14,5.914048194885254,11.125,11.125,10.875,10.9375,2205200
2000-08-15,5.648247241973877,10.625,11.125,10.625,11.125,921900
2000-08-16,5.747922897338867,10.8125,11.0625,10.5625,10.75,3032800
2000-08-17,5.78114652633667,10.875,11.0,10.5,10.75,897600
2000-08-18,5.847596645355225,11.0,11.3125,10.8125,10.8125,764800
2000-08-21,5.8143720626831055,10.9375,11.1875,10.75,11.0,490500
2000-08-22,5.914048194885254,11.125,11.25,10.875,10.875,583100
2000-08-23,5.880824565887451,11.0625,11.3125,11.0625,11.125,673300
2000-08-24,6.013724327087402,11.3125,11.5,11.0,11.125,1067500
2000-08-25,6.279521465301514,11.8125,11.875,11.4375,11.5,980300
2000-08-28,6.545320510864258,12.3125,12.5625,11.8125,11.875,1469200
2000-08-29,6.5121002197265625,12.25,12.4375,11.875,12.3125,790800
2000-08-30,6.379196643829346,12.0,12.1875,11.9375,12.0625,582700
2000-08-31,6.5536298751831055,12.328125,12.375,11.6875,12.0625,891200
2000-09-01,6.6449971199035645,12.5,12.75,12.0625,12.4375,675200
2000-09-05,6.545320510864258,12.3125,12.8125,12.25,12.375,1362800
2000-09-06,6.312748432159424,11.875,12.4375,11.625,12.375,777000
2000-09-07,6.5121002197265625,12.25,12.25,11.75,11.9375,541600
2000-09-08,6.312748432159424,11.875,12.5,11.8125,12.375,479900
2000-09-11,6.080173492431641,11.4375,11.875,11.3125,11.875,975100
2000-09-12,5.914048194885254,11.125,11.375,11.0,11.0625,818200
2000-09-13,5.847596645355225,11.0,11.25,10.9375,11.1875,568600
2000-09-14,6.080173492431641,11.4375,11.4375,10.6875,10.875,1550000
2000-09-15,5.980498790740967,11.25,11.375,11.125,11.25,2129500
2000-09-18,5.847596645355225,11.0,11.5,10.75,11.375,883100
2000-09-19,5.947269439697266,11.1875,11.375,11.0,11.0625,353000
2000-09-20,5.847596645355225,11.0,12.25,10.9375,12.0,2189200
2000-09-21,5.847596645355225,11.0,11.5,10.9375,11.125,1005100
2000-09-22,5.8143720626831055,10.9375,11.25,10.875,10.9375,541300
2000-09-25,5.6814703941345215,10.6875,10.9375,10.625,10.9375,516600
2000-09-26,5.714699745178223,10.75,10.8125,10.625,10.6875,464000
2000-09-27,6.080173492431641,11.4375,11.625,10.5625,10.75,1227200
2000-09-28,6.046948432922363,11.375,11.5625,11.125,11.5,819800
2000-09-29,6.080173492431641,11.4375,11.625,11.0625,11.4375,1040500
2000-10-02,6.046948432922363,11.375,11.375,11.0,11.3125,558300
2000-10-03,5.980498790740967,11.25,11.4375,11.0625,11.375,523700
2000-10-04,5.947269439697266,11.1875,11.4375,11.0625,11.1875,616900
2000-10-05,5.947269439697266,11.1875,11.25,11.0625,11.125,403500
2000-10-06,6.21307373046875,11.6875,11.6875,11.0625,11.1875,1239100
2000-10-09,6.312748432159424,11.875,12.125,11.5625,11.625,721200
2000-10-10,6.2462968826293945,11.75,12.3125,11.75,12.125,824300
2000-10-11,6.17984676361084,11.625,11.875,11.5,11.75,1093800
2000-10-12,5.349221229553223,10.0625,10.0625,9.0,9.75,4227800
2000-10-13,5.382448196411133,10.125,10.6875,9.9375,10.0,836700
2000-10-16,5.482122421264648,10.3125,10.6875,10.0,10.1875,3424100
2000-10-17,5.315995693206787,10.0,10.5625,9.9375,10.4375,840600
2000-10-18,5.382448196411133,10.125,10.1875,9.625,9.875,863400
2000-10-19,5.482122421264648,10.3125,10.375,9.9375,10.0,1263800
2000-10-20,5.315995693206787,10.0,10.25,9.8125,10.0625,2980300
2000-10-23,5.282774925231934,9.9375,10.0625,9.8125,9.8125,739000
2000-10-24,5.249548435211182,9.875,10.125,9.8125,10.0,2258400
2000-10-25,5.448898315429688,10.25,10.3125,9.875,9.875,631000
2000-10-26,5.482122421264648,10.3125,10.5625,10.125,10.125,666400
2000-10-27,5.448898315429688,10.25,10.5625,10.1875,10.375,328600
2000-10-30,5.58124303817749,10.4375,10.5625,10.125,10.25,730400
2000-10-31,5.74834680557251,10.75,10.8125,10.3125,10.4375,1583200
2000-11-01,5.714926242828369,10.6875,10.75,10.5625,10.6875,1002700
2000-11-02,5.915451049804688,11.0625,11.1875,10.5,10.5625,956200
2000-11-03,6.182816505432129,11.5625,11.875,11.0625,11.0625,1164800
2000-11-06,6.082551002502441,11.375,11.5,11.3125,11.4375,311900
2000-11-07,6.182816505432129,11.5625,11.5625,11.25,11.3125,166500
2000-11-08,6.650702953338623,12.4375,12.9375,11.5,11.5,1993900
2000-11-09,6.416757106781006,12.0,12.375,11.875,12.3125,401100
2000-11-10,6.149393081665039,11.5,12.0625,11.375,12.0,689500
2000-11-13,6.383334636688232,11.9375,12.125,11.375,11.375,1079500
2000-11-14,6.450178146362305,12.0625,12.25,11.875,12.0,550900
2000-11-15,6.34991979598999,11.875,12.125,11.875,12.0625,887300
2000-11-16,6.24965763092041,11.6875,11.9375,11.5625,11.875,1584700
2000-11-17,6.34991979598999,11.875,11.875,11.5625,11.6875,793600
2000-11-20,6.216235637664795,11.625,11.875,11.5,11.8125,821800
2000-11-21,6.082551002502441,11.375,11.625,11.25,11.625,381100
2000-11-22,6.015713214874268,11.25,11.375,11.25,11.3125,267300
2000-11-24,6.149393081665039,11.5,11.625,11.1875,11.25,217400
2000-11-27,6.149393081665039,11.5,11.8125,11.4375,11.5,619000
2000-11-28,6.383334636688232,11.9375,12.0,11.5,11.5625,851800
2000-11-29,6.182816505432129,11.5625,12.0625,11.5,12.0,898600
2000-11-30,6.182816505432129,11.5625,11.75,11.5,11.5625,541500
2000-12-01,6.24965763092041,11.6875,11.8125,11.4375,11.5,541600
2000-12-04,6.34991979598999,11.875,12.0625,11.5625,11.5625,935500
2000-12-05,6.283074378967285,11.75,12.125,11.75,11.75,551500
2000-12-06,6.182816505432129,11.5625,11.8125,11.5,11.6875,676600
2000-12-07,4.879408836364746,9.125,9.3125,8.375,8.5,6576900
2000-12-08,5.213618278503418,9.75,9.9375,9.25,9.375,1871300
2000-12-11,5.046512603759766,9.4375,9.75,9.375,9.75,1286100
2000-12-12,5.18019437789917,9.6875,9.6875,9.4375,9.4375,1156100
2000-12-13,4.979672431945801,9.3125,9.75,9.3125,9.75,1082400
2000-12-14,5.0130934715271,9.375,9.625,9.3125,9.3125,686600
2000-12-15,5.046512603759766,9.4375,9.5625,9.25,9.375,848600
2000-12-18,5.046512603759766,9.4375,9.625,9.4375,9.5,1153600
2000-12-19,5.079934120178223,9.5,9.5625,9.25,9.375,808900
2000-12-20,5.0130934715271,9.375,9.4375,9.25,9.375,584700
2000-12-21,5.18019437789917,9.6875,9.75,9.3125,9.375,1173700
2000-12-22,5.247037410736084,9.8125,9.875,9.625,9.6875,635600
2000-12-26,5.18019437789917,9.6875,9.6875,9.5,9.6875,1398700
2000-12-27,5.380719661712647,10.0625,10.125,9.5,9.5625,779200
2000-12-28,5.681502819061279,10.625,10.9375,10.0,10.0,868700
2000-12-29,5.681502819061279,10.625,10.75,10.5,10.625,1023700
2001-01-02,5.514401435852051,10.3125,11.0,10.3125,10.75,1159300
2001-01-03,5.815186977386475,10.875,10.9375,10.4375,10.4375,647700
2001-01-04,6.182816505432129,11.5625,11.625,11.0,11.0,911100
2001-01-05,6.115971565246582,11.4375,11.8125,11.25,11.6875,668300
2001-01-08,6.115971565246582,11.4375,11.625,11.1875,11.4375,695700
2001-01-09,6.550440311431885,12.25,12.875,11.4375,11.875,754700
2001-01-10,6.583864212036133,12.3125,12.4375,11.875,11.875,468100
2001-01-11,6.550440311431885,12.25,12.6875,12.0,12.375,554000
2001-01-12,6.750962257385254,12.625,12.75,12.0625,12.25,926100
2001-01-16,6.717545032501221,12.5625,12.625,12.0625,12.3125,517500
2001-01-17,6.750962257385254,12.625,12.625,12.3125,12.4375,601700
2001-01-18,6.851227283477783,12.8125,12.875,12.5,12.625,683200
2001-01-19,6.650702953338623,12.4375,12.875,12.125,12.875,424700
2001-01-22,6.617282867431641,12.375,12.4375,12.125,12.3125,372400
2001-01-23,6.750962257385254,12.625,12.6875,12.25,12.375,552600
2001-01-24,6.550440311431885,12.25,12.6875,12.25,12.375,685900
2001-01-25,6.416757106781006,12.0,12.3125,11.75,12.3125,1303700
2001-01-26,6.149393081665039,11.5,12.0,11.375,12.0,953000
2001-01-29,6.341897010803223,11.859999656677246,11.920000076293944,11.369999885559082,11.5,1137700
2001-01-30,6.4062275886535645,11.949999809265137,11.989999771118164,11.670000076293944,11.899999618530272,615000
2001-01-31,6.368697643280029,11.880000114440918,11.949999809265137,11.699999809265137,11.800000190734863,407400
2001-02-01,6.341897964477539,11.829999923706056,11.890000343322754,11.600000381469728,11.880000114440918,539500
2001-02-02,6.433030605316162,12.0,12.25,11.949999809265137,11.949999809265137,1689600
2001-02-05,6.567053318023682,12.25,12.399999618530272,11.760000228881836,12.100000381469728,1048400
2001-02-06,7.237159252166748,13.5,14.630000114440918,12.140000343322754,12.350000381469728,2030400
2001-02-07,6.920868396759033,12.90999984741211,13.380000114440918,12.90999984741211,13.369999885559082,525600
2001-02-08,7.012002944946289,13.079999923706056,13.359999656677246,12.5600004196167,12.920000076293944,635300
2001-02-09,6.899427890777588,12.869999885559082,13.380000114440918,12.390000343322754,13.119999885559082,792100
2001-02-12,6.727874755859375,12.550000190734863,12.93000030517578,12.199999809265137,12.75,1107000
2001-02-13,6.647464275360107,12.399999618530272,12.890000343322754,12.300000190734863,12.300000190734863,846600
2001-02-14,6.872621059417725,12.81999969482422,12.979999542236328,12.399999618530272,12.399999618530272,590100
2001-02-15,6.969118118286133,13.0,13.109999656677246,12.789999961853027,13.0,753800
2001-02-16,6.754683017730713,12.600000381469728,12.90999984741211,12.510000228881836,12.899999618530272,428200
2001-02-20,6.620660305023193,12.350000381469728,13.0,12.350000381469728,12.600000381469728,374800
2001-02-21,6.701074600219727,12.5,12.600000381469728,12.270000457763672,12.449999809265137,512700
2001-02-22,6.717157363891602,12.529999732971191,12.600000381469728,12.18000030517578,12.399999618530272,2318600
2001-02-23,6.797570705413818,12.68000030517578,12.68000030517578,12.25,12.5,706200
2001-02-26,6.969118118286133,13.0,13.470000267028809,12.75,12.779999732971191,865300
2001-02-27,7.103140354156494,13.25,13.449999809265137,12.600000381469728,13.350000381469728,639600
2001-02-28,6.5831379890441895,12.279999732971191,13.699999809265137,12.18000030517578,13.25,1461600
2001-03-01,6.915505886077881,12.899999618530272,12.899999618530272,12.15999984741211,12.449999809265137,498000
2001-03-02,6.781484603881836,12.649999618530272,13.229999542236328,12.260000228881836,13.199999809265137,425600
2001-03-05,7.022727012634277,13.100000381469728,13.100000381469728,12.529999732971191,12.550000190734863,369600
2001-03-06,7.001285552978516,13.0600004196167,13.300000190734863,12.960000038146973,13.109999656677246,523200
2001-03-07,7.242521286010742,13.510000228881836,13.649999618530272,12.8100004196167,12.8100004196167,719500
2001-03-08,7.328296184539795,13.670000076293944,13.829999923706056,13.449999809265137,13.5,423600
2001-03-09,7.532006740570068,14.050000190734863,14.050000190734863,13.5600004196167,13.649999618530272,585700
2001-03-12,7.2800445556640625,13.579999923706056,14.029999732971191,13.5,14.0,901200
2001-03-13,7.344376564025879,13.699999809265137,13.699999809265137,13.420000076293944,13.68000030517578,592200
2001-03-14,7.156748294830322,13.350000381469728,13.579999923706056,13.300000190734863,13.5,1084500
2001-03-15,7.231799125671387,13.489999771118164,13.850000381469728,13.260000228881836,13.329999923706056,357900
2001-03-16,6.979840278625488,13.020000457763672,13.34000015258789,12.859999656677246,12.949999809265137,668700
2001-03-19,7.076333045959473,13.199999809265137,13.489999771118164,13.020000457763672,13.119999885559082,180300
2001-03-20,7.049530982971191,13.149999618530272,13.609999656677246,13.140000343322754,13.399999618530272,304400
2001-03-21,7.124581813812256,13.289999961853027,13.449999809265137,12.869999885559082,13.25,288100
2001-03-22,6.572412967681885,12.260000228881836,13.15999984741211,11.869999885559082,13.15999984741211,860100
2001-03-23,6.754683017730713,12.600000381469728,12.68000030517578,11.899999618530272,12.260000228881836,458300
2001-03-26,6.8136515617370605,12.710000038146973,12.75,12.15999984741211,12.699999809265137,333700
2001-03-27,6.679634094238281,12.460000038146973,12.619999885559082,12.220000267028809,12.609999656677246,663500
2001-03-28,6.626022338867188,12.359999656677246,12.600000381469728,12.3100004196167,12.460000038146973,334100
2001-03-29,6.8511810302734375,12.779999732971191,12.899999618530272,12.529999732971191,12.710000038146973,304100
2001-03-30,6.915505886077881,12.899999618530272,13.0,12.470000267028809,12.779999732971191,286100
2001-04-02,6.9583940505981445,12.979999542236328,12.979999542236328,12.5600004196167,12.800000190734863,414500
2001-04-03,6.711797714233398,12.520000457763672,12.979999542236328,12.260000228881836,12.979999542236328,497900
2001-04-04,6.647464275360107,12.399999618530272,12.579999923706056,12.289999961853027,12.529999732971191,468700
2001-04-05,6.749319553375244,12.59000015258789,12.699999809265137,12.449999809265137,12.550000190734863,607700
2001-04-06,6.679634094238281,12.460000038146973,12.550000190734863,12.149999618530272,12.5,668500
2001-04-09,6.647464275360107,12.399999618530272,12.5600004196167,11.880000114440918,12.359999656677246,642100
2001-04-10,6.593858242034912,12.300000190734863,12.5,12.149999618530272,12.449999809265137,828400
2001-04-11,6.433030605316162,12.0,12.229999542236328,11.800000190734863,12.199999809265137,650600
2001-04-12,6.459836006164551,12.050000190734863,12.149999618530272,11.859999656677246,12.100000381469728,605300
2001-04-16,6.433030605316162,12.0,12.199999809265137,11.869999885559082,12.0,449500
2001-04-17,6.422308921813965,11.979999542236328,11.989999771118164,11.670000076293944,11.899999618530272,411500
2001-04-18,6.459836006164551,12.050000190734863,12.350000381469728,11.850000381469728,12.0,1108100
2001-04-19,6.261483669281006,11.68000030517578,12.0600004196167,11.600000381469728,12.050000190734863,708000
2001-04-20,6.320454120635986,11.789999961853027,11.800000190734863,11.510000228881836,11.75,1219200
2001-04-23,6.325813293457031,11.800000190734863,11.920000076293944,10.5,11.25,685500
2001-04-24,6.341897964477539,11.829999923706056,11.920000076293944,11.510000228881836,11.899999618530272,543000
2001-04-25,6.202514171600342,11.56999969482422,11.829999923706056,11.350000381469728,11.829999923706056,297900
2001-04-26,6.272207260131836,11.699999809265137,11.75,11.479999542236328,11.600000381469728,395900
2001-04-27,6.449568271636963,12.0,12.25,11.550000190734863,11.670000076293944,557800
2001-04-30,6.583935260772705,12.25,12.350000381469728,11.760000228881836,12.100000381469728,756000
2001-05-01,6.750551223754883,12.5600004196167,13.0,12.1899995803833,12.199999809265137,808600
2001-05-02,7.255764007568359,13.5,13.5,12.34000015258789,12.5600004196167,757800
2001-05-03,6.9601569175720215,12.949999809265137,13.149999618530272,12.390000343322754,13.0,678600
2001-05-04,6.9601569175720215,12.949999809265137,13.0,12.600000381469728,13.0,247000
2001-05-07,6.9816575050354,12.989999771118164,13.380000114440918,12.81999969482422,13.0,334800
2001-05-08,6.997783660888672,13.020000457763672,13.25,12.949999809265137,12.949999809265137,298800
2001-05-09,6.997783660888672,13.020000457763672,13.25,12.800000190734863,13.119999885559082,273300
2001-05-10,6.987033843994141,13.0,13.5,12.81999969482422,13.5,240200
2001-05-11,7.094524383544922,13.199999809265137,13.350000381469728,12.779999732971191,13.350000381469728,368600
2001-05-14,7.159019470214844,13.31999969482422,13.449999809265137,13.199999809265137,13.25,323100
2001-05-15,7.390133380889893,13.75,13.949999809265137,13.31999969482422,13.329999923706056,757800
2001-05-16,7.551369667053223,14.050000190734863,14.149999618530272,13.699999809265137,13.75,583600
2001-05-17,7.825480937957764,14.5600004196167,14.800000190734863,13.899999618530272,14.0,855600
2001-05-18,7.900722980499268,14.699999809265137,14.970000267028809,14.449999809265137,14.649999618530272,821900
2001-05-21,8.110330581665039,15.09000015258789,15.119999885559082,14.0,14.5,459700
2001-05-22,8.008214950561523,14.899999618530272,15.109999656677246,14.399999618530272,14.600000381469728,565700
2001-05-23,8.013587951660156,14.90999984741211,15.399999618530272,14.84000015258789,15.149999618530272,717600
2001-05-24,7.95447301864624,14.800000190734863,14.93000030517578,14.75,14.8100004196167,697600
2001-05-25,7.91684627532959,14.729999542236328,14.850000381469728,14.550000190734863,14.720000267028809,792700
2001-05-29,7.932969093322754,14.760000228881836,14.949999809265137,14.609999656677246,14.949999809265137,897900
2001-05-30,7.906099796295166,14.710000038146973,14.949999809265137,14.56999969482422,14.65999984741211,1005800
2001-05-31,8.061962127685547,15.0,15.0,14.75,14.75,299700
2001-06-01,8.169453620910645,15.199999809265137,15.25,14.869999885559082,14.949999809265137,549100
2001-06-04,8.319944381713867,15.479999542236328,15.5,14.949999809265137,15.0,207200
2001-06-05,8.352190017700195,15.539999961853027,15.600000381469728,15.09000015258789,15.229999542236328,395200
2001-06-06,8.27157211303711,15.390000343322754,15.5600004196167,15.170000076293944,15.5,250400
2001-06-07,8.223199844360352,15.300000190734863,15.3100004196167,14.850000381469728,15.170000076293944,2889000
2001-06-08,8.061962127685547,15.0,15.25,14.579999923706056,15.199999809265137,889500
2001-06-11,8.088830947875977,15.050000190734863,15.390000343322754,14.869999885559082,15.0,884200
2001-06-12,8.13720703125,15.140000343322754,15.149999618530272,14.949999809265137,15.0,176100
2001-06-13,8.056586265563965,14.989999771118164,15.149999618530272,14.949999809265137,15.149999618530272,252300
2001-06-14,7.992088794708252,14.869999885559082,14.989999771118164,14.699999809265137,14.899999618530272,642000
2001-06-15,7.922222137451172,14.739999771118164,14.899999618530272,14.609999656677246,14.649999618530272,439600
2001-06-18,8.051212310791016,14.979999542236328,14.979999542236328,14.460000038146973,14.460000038146973,366800
2001-06-19,7.906099796295166,14.710000038146973,14.899999618530272,14.619999885559082,14.880000114440918,198900
2001-06-20,7.85772180557251,14.619999885559082,14.710000038146973,14.050000190734863,14.710000038146973,639500
2001-06-21,7.95447301864624,14.800000190734863,14.81999969482422,14.34000015258789,14.720000267028809,550700
2001-06-22,7.863098621368408,14.630000114440918,14.93000030517578,14.399999618530272,14.899999618530272,471200
2001-06-25,7.696485996246338,14.31999969482422,14.59000015258789,14.270000457763672,14.529999732971191,236300
2001-06-26,7.814726829528809,14.539999961853027,14.720000267028809,14.140000343322754,14.220000267028809,637800
2001-06-27,7.782481670379639,14.479999542236328,14.75,14.229999542236328,14.289999961853027,358100
2001-06-28,7.846974849700928,14.600000381469728,14.65999984741211,14.460000038146973,14.460000038146973,345600
2001-06-29,7.766356468200684,14.449999809265137,14.9399995803833,14.369999885559082,14.5,1001500
2001-07-02,7.992088794708252,14.869999885559082,14.869999885559082,14.130000114440918,14.449999809265137,361300
2001-07-03,8.056586265563965,14.989999771118164,14.989999771118164,14.449999809265137,14.869999885559082,191100
2001-07-05,7.900722980499268,14.699999809265137,14.93000030517578,14.470000267028809,14.920000076293944,819800
2001-07-06,7.685736656188965,14.300000190734863,14.5,13.90999984741211,14.4399995803833,424400
2001-07-09,7.820098400115967,14.550000190734863,14.579999923706056,14.109999656677246,14.3100004196167,357100
2001-07-10,7.648113250732422,14.229999542236328,14.550000190734863,14.109999656677246,14.550000190734863,498600
2001-07-11,7.658862113952637,14.25,14.25,14.0,14.0,254100
2001-07-12,7.7932281494140625,14.5,14.609999656677246,13.920000076293944,14.039999961853027,346100
2001-07-13,7.803979873657227,14.520000457763672,14.600000381469728,13.880000114440918,14.149999618530272,351500
2001-07-16,7.680362701416016,14.289999961853027,14.5,14.100000381469728,14.100000381469728,323200
2001-07-17,7.739481449127197,14.399999618530272,14.600000381469728,14.1899995803833,14.1899995803833,233200
2001-07-18,7.739481449127197,14.399999618530272,14.399999618530272,14.140000343322754,14.399999618530272,183000
2001-07-19,7.66424036026001,14.260000228881836,14.65999984741211,14.220000267028809,14.399999618530272,246900
2001-07-20,8.061962127685547,15.0,15.010000228881836,14.18000030517578,14.260000228881836,711000
2001-07-23,8.319944381713867,15.479999542236328,16.0,15.100000381469728,15.100000381469728,1208600
2001-07-24,8.276944160461426,15.399999618530272,15.989999771118164,15.369999885559082,15.949999809265137,842800
2001-07-25,8.395190238952637,15.619999885559082,15.699999809265137,15.300000190734863,15.300000190734863,617000
2001-07-26,8.54568099975586,15.899999618530272,15.989999771118164,15.350000381469728,15.399999618530272,458000
2001-07-27,8.631673812866211,16.059999465942383,16.100000381469727,15.8100004196167,15.90999984741211,531000
2001-07-30,8.437824249267578,15.670000076293944,16.149999618530273,15.520000457763672,16.030000686645508,587400
2001-07-31,8.669363021850586,16.100000381469727,16.299999237060547,15.829999923706056,15.920000076293944,797900
2001-08-01,8.755523681640625,16.260000228881836,16.299999237060547,16.1299991607666,16.200000762939453,434800
2001-08-02,8.728598594665527,16.209999084472656,16.399999618530273,16.1299991607666,16.360000610351562,467400
2001-08-03,8.84705924987793,16.43000030517578,16.43000030517578,16.06999969482422,16.219999313354492,238600
2001-08-06,8.723212242126465,16.200000762939453,16.790000915527344,16.190000534057617,16.43000030517578,832000
2001-08-07,8.556288719177246,15.890000343322754,16.209999084472656,15.84000015258789,16.209999084472656,615800
2001-08-08,8.615520477294922,16.0,16.149999618530273,15.869999885559082,16.0,439500
2001-08-09,8.583212852478027,15.9399995803833,16.100000381469727,15.800000190734863,16.0,236100
2001-08-10,8.604747772216797,15.979999542236328,16.049999237060547,15.800000190734863,16.040000915527344,188300
2001-08-13,8.750138282775879,16.25,16.280000686645508,16.010000228881836,16.049999237060547,441900
2001-08-14,8.906293869018555,16.540000915527344,16.8799991607666,16.3700008392334,16.450000762939453,530600
2001-08-15,8.895524024963379,16.520000457763672,16.739999771118164,16.270000457763672,16.5,255400
2001-08-16,8.884754180908203,16.5,16.649999618530273,16.25,16.6200008392334,152800
2001-08-17,8.793210983276367,16.329999923706055,16.549999237060547,16.25,16.440000534057617,251300
2001-08-20,9.143216133117676,16.979999542236328,16.989999771118164,16.350000381469727,16.350000381469727,488600
2001-08-21,8.987065315246582,16.690000534057617,17.18000030517578,16.68000030517578,16.850000381469727,366000
2001-08-22,9.39630126953125,17.450000762939453,17.450000762939453,16.729999542236328,16.84000015258789,695500
2001-08-23,9.01398468017578,16.739999771118164,17.40999984741211,16.649999618530273,17.399999618530273,395200
2001-08-24,9.121678352355955,16.940000534057617,17.200000762939453,16.600000381469727,16.75,262900
2001-08-27,9.353222846984863,17.3700008392334,17.469999313354492,17.0,17.0,684400
2001-08-28,9.2509126663208,17.18000030517578,17.34000015258789,17.020000457763672,17.270000457763672,259600
2001-08-29,9.29399299621582,17.260000228881836,17.6200008392334,17.0,17.18000030517578,858900
2001-08-30,9.13244915008545,16.959999084472656,17.389999389648438,16.399999618530273,17.260000228881836,1023000
2001-08-31,9.33707046508789,17.34000015258789,17.450000762939453,16.799999237060547,16.959999084472656,1055900
2001-09-04,9.07860279083252,16.860000610351562,17.469999313354492,16.850000381469727,17.399999618530273,828800
2001-09-05,9.153986930847168,17.0,17.18000030517578,16.719999313354492,16.860000610351562,575900
2001-09-06,8.830904006958008,16.399999618530273,17.09000015258789,16.350000381469727,17.0,544900
2001-09-07,8.486286163330078,15.760000228881836,16.299999237060547,15.65999984741211,16.299999237060547,888600
2001-09-10,8.184741020202637,15.199999809265137,15.949999809265137,15.100000381469728,15.75,836800
2001-09-17,7.500887393951416,13.93000030517578,14.5,13.920000076293944,14.5,999300
2001-09-18,7.307039260864258,13.56999969482422,14.029999732971191,13.40999984741211,14.029999732971191,408000
2001-09-19,7.377040386199951,13.699999809265137,13.699999809265137,12.920000076293944,13.56999969482422,577500
2001-09-20,6.784721374511719,12.600000381469728,14.390000343322754,12.600000381469728,13.699999809265137,825400
2001-09-21,7.215497016906738,13.399999618530272,13.399999618530272,11.600000381469728,11.600000381469728,802200
2001-09-24,7.393191337585449,13.729999542236328,14.149999618530272,13.449999809265137,13.550000190734863,1178400
2001-09-25,7.075493335723877,13.140000343322754,14.010000228881836,12.829999923706056,13.829999923706056,877200
2001-09-26,7.000110149383545,13.0,13.800000190734863,12.899999618530272,13.640000343322754,434400
2001-09-27,7.102417945861816,13.1899995803833,13.260000228881836,12.529999732971191,13.100000381469728,925100
2001-09-28,7.538575649261475,14.0,14.0,13.390000343322754,13.550000190734863,613000
2001-10-01,7.204728603363037,13.380000114440918,13.899999618530272,13.15999984741211,13.899999618530272,399200
2001-10-02,7.597812175750732,14.109999656677246,14.130000114440918,13.380000114440918,13.479999542236328,572300
2001-10-03,7.834735870361328,14.550000190734863,14.869999885559082,14.079999923706056,14.109999656677246,813200
2001-10-04,7.963971138000488,14.789999961853027,15.0,14.449999809265137,14.649999618530272,445300
2001-10-05,8.125509262084961,15.09000015258789,15.300000190734863,14.359999656677246,15.029999732971191,447400
2001-10-08,8.05550765991211,14.960000038146973,15.09000015258789,14.760000228881836,15.079999923706056,284300
2001-10-09,8.050121307373047,14.949999809265137,15.079999923706056,14.4399995803833,14.710000038146973,321500
2001-10-10,8.405515670776367,15.609999656677246,15.670000076293944,14.960000038146973,15.050000190734863,400700
2001-10-11,8.626290321350098,16.020000457763672,16.389999389648438,15.75,15.75,437000
2001-10-12,8.65320873260498,16.06999969482422,16.15999984741211,15.609999656677246,15.970000267028809,463700
2001-10-15,8.631672859191895,16.030000686645508,16.049999237060547,15.670000076293944,16.0,419500
2001-10-16,8.830904006958008,16.399999618530273,16.399999618530273,16.040000915527344,16.200000762939453,469500
2001-10-17,8.626290321350098,16.020000457763672,16.770000457763672,15.850000381469728,16.649999618530273,492000
2001-10-18,8.766289710998535,16.280000686645508,16.549999237060547,16.100000381469727,16.200000762939453,447100
2001-10-19,9.051681518554688,16.809999465942383,16.809999465942383,16.350000381469727,16.399999618530273,711700
2001-10-22,9.514760971069336,17.670000076293945,17.729999542236328,16.950000762939453,17.100000381469727,1124300
2001-10-23,9.288607597351074,17.25,17.899999618530273,17.15999984741211,17.68000030517578,1069500
2001-10-24,9.164753913879396,17.020000457763672,17.3799991607666,16.75,17.34000015258789,723200
2001-10-25,9.057063102722168,16.81999969482422,17.1200008392334,16.709999084472656,16.920000076293945,595900
2001-10-26,9.153986930847168,17.0,17.030000686645508,16.760000228881836,16.8700008392334,1144700
2001-10-29,9.153986930847168,17.0,17.229999542236328,16.860000610351562,17.030000686645508,362000
2001-10-30,9.143202781677246,16.950000762939453,17.0,16.489999771118164,16.75,554700
2001-10-31,8.93821907043457,16.56999969482422,17.139999389648438,16.43000030517578,16.950000762939453,503900
2001-11-01,9.30502700805664,17.25,17.25,16.350000381469727,16.799999237060547,664900
2001-11-02,9.380541801452637,17.389999389648438,17.479999542236328,17.049999237060547,17.25,597700
2001-11-05,9.50461196899414,17.6200008392334,17.899999618530273,17.5,17.5,1307300
2001-11-06,9.671833038330078,17.93000030517578,17.979999542236328,17.600000381469727,17.700000762939453,1023900
2001-11-07,9.80129337310791,18.170000076293945,18.440000534057617,17.8700008392334,17.8700008392334,1437500
2001-11-08,9.110832214355469,16.889999389648438,18.049999237060547,16.809999465942383,18.0,1933000
2001-11-09,9.170170783996582,17.0,17.479999542236328,17.0,17.190000534057617,744300
2001-11-12,9.06229305267334,16.799999237060547,17.010000228881836,16.40999984741211,17.010000228881836,728800
2001-11-13,9.812082290649414,18.190000534057617,18.32999992370605,17.110000610351562,17.149999618530273,929500
2001-11-14,9.612497329711914,17.81999969482422,18.170000076293945,17.799999237060547,18.0,542600
2001-11-15,9.714983940124512,18.010000228881836,18.25,17.670000076293945,17.670000076293945,443700
2001-11-16,9.585528373718262,17.770000457763672,18.09000015258789,17.719999313354492,18.0,627400
2001-11-19,9.828266143798828,18.21999931335449,18.239999771118164,17.799999237060547,17.969999313354492,842400
2001-11-20,9.644864082336426,17.8799991607666,18.229999542236328,17.850000381469727,18.100000381469727,528500
2001-11-21,9.7095947265625,18.0,18.059999465942383,17.559999465942383,17.899999618530273,364600
2001-11-23,9.590916633605955,17.780000686645508,17.8700008392334,17.700000762939453,17.799999237060547,179400
2001-11-26,9.321213722229004,17.280000686645508,17.780000686645508,17.239999771118164,17.780000686645508,860700
2001-11-27,8.943613052368164,16.579999923706055,16.670000076293945,16.25,16.489999771118164,4180800
2001-11-28,8.949010848999023,16.59000015258789,16.600000381469727,16.40999984741211,16.579999923706055,1212200
2001-11-29,8.89507007598877,16.489999771118164,16.610000610351562,16.420000076293945,16.610000610351562,724600
2001-11-30,8.873490333557129,16.450000762939453,16.600000381469727,16.399999618530273,16.5,1075100
2001-12-03,8.878883361816406,16.459999084472656,16.649999618530273,16.25,16.399999618530273,657200
2001-12-04,8.89507007598877,16.489999771118164,16.600000381469727,16.25,16.5,1138900
2001-12-05,9.024527549743652,16.729999542236328,16.739999771118164,16.5,16.600000381469727,1206600
2001-12-06,9.148595809936523,16.959999084472656,17.1200008392334,16.06999969482422,16.75,1133300
2001-12-07,9.234904289245604,17.1200008392334,17.209999084472656,16.8799991607666,17.200000762939453,1129500
2001-12-10,9.094653129577637,16.860000610351562,17.1200008392334,16.75,17.1200008392334,483500
2001-12-11,8.97597599029541,16.639999389648438,17.030000686645508,16.5,16.860000610351562,714500
2001-12-12,8.965187072753906,16.6200008392334,16.979999542236328,16.6200008392334,16.899999618530273,936500
2001-12-13,9.056894302368164,16.790000915527344,16.850000381469727,16.469999313354492,16.850000381469727,809000
2001-12-14,8.949010848999023,16.59000015258789,16.799999237060547,16.149999618530273,16.799999237060547,736100
2001-12-17,9.116229057312012,16.899999618530273,17.309999465942383,16.75,16.829999923706055,990600
2001-12-18,8.970584869384766,16.6299991607666,17.200000762939453,16.610000610351562,17.049999237060547,783500
2001-12-19,8.889674186706543,16.479999542236328,16.56999969482422,16.079999923706055,16.489999771118164,1678600
2001-12-20,8.819544792175293,16.350000381469727,16.610000610351562,16.200000762939453,16.299999237060547,683900
2001-12-21,8.846516609191895,16.399999618530273,16.739999771118164,16.399999618530273,16.5,1077600
2001-12-24,8.93821907043457,16.56999969482422,16.860000610351562,16.450000762939453,16.450000762939453,234100
2001-12-26,8.765604972839355,16.25,16.989999771118164,16.100000381469727,16.799999237060547,591500
2001-12-27,9.03531551361084,16.75,16.850000381469727,16.299999237060547,16.450000762939453,852300
2001-12-28,8.900461196899414,16.5,16.8700008392334,16.280000686645508,16.780000686645508,648100
2001-12-31,8.754817962646484,16.229999542236328,16.75,16.229999542236328,16.5,376300
2002-01-02,8.73863410949707,16.200000762939453,16.350000381469727,15.90999984741211,16.25,747500
2002-01-03,8.78178596496582,16.280000686645508,16.600000381469727,16.079999923706055,16.100000381469727,782900
2002-01-04,8.900461196899414,16.5,16.84000015258789,16.0,16.0,3345300
2002-01-07,8.792574882507324,16.299999237060547,17.0,16.299999237060547,16.5,1283400
2002-01-08,9.105440139770508,16.8799991607666,17.049999237060547,16.700000762939453,17.0,1224300
2002-01-09,9.067679405212402,16.809999465942383,17.299999237060547,16.709999084472656,16.899999618530273,1249000
2002-01-10,9.153985977172852,16.969999313354492,17.219999313354492,16.75,16.75,917600
2002-01-11,9.06229305267334,16.799999237060547,17.100000381469727,16.700000762939453,16.950000762939453,983500
2002-01-14,9.002951622009277,16.690000534057617,17.200000762939453,16.690000534057617,17.049999237060547,767100
2002-01-15,9.046107292175291,16.770000457763672,17.049999237060547,16.700000762939453,16.700000762939453,693500
2002-01-16,9.040711402893066,16.760000228881836,16.979999542236328,16.670000076293945,16.670000076293945,267400
2002-01-17,9.094653129577637,16.860000610351562,16.8700008392334,16.5,16.760000228881836,567200
2002-01-18,8.873490333557129,16.450000762939453,17.149999618530273,16.450000762939453,16.709999084472656,1474900
2002-01-22,8.959792137145996,16.610000610351562,16.799999237060547,16.440000534057617,16.5,309400
2002-01-23,8.992158889770508,16.670000076293945,16.729999542236328,16.290000915527344,16.5,400300
2002-01-24,9.03531551361084,16.75,17.1200008392334,16.559999465942383,16.690000534057617,353300
2002-01-25,8.814152717590332,16.34000015258789,16.790000915527344,16.25,16.700000762939453,769400
2002-01-28,8.824939727783203,16.360000610351562,16.56999969482422,16.299999237060547,16.34000015258789,794600
2002-01-29,8.619959831237793,15.979999542236328,16.690000534057617,15.949999809265137,16.399999618530273,1268100
2002-01-30,8.900985717773438,16.469999313354492,16.549999237060547,15.65999984741211,16.049999237060547,1232300
2002-01-31,8.917203903198242,16.5,16.600000381469727,16.149999618530273,16.270000457763672,427000
2002-02-01,8.873966217041016,16.420000076293945,16.549999237060547,16.170000076293945,16.5,702000
2002-02-04,8.652383804321289,16.010000228881836,16.479999542236328,15.920000076293944,16.420000076293945,431500
2002-02-05,8.376766204833984,15.5,16.459999084472656,15.5,16.209999084472656,1362400
2002-02-06,8.317315101623535,15.390000343322754,15.710000038146973,15.199999809265137,15.600000381469728,1539600
2002-02-07,7.755268573760986,14.350000381469728,14.449999809265137,13.199999809265137,13.550000190734863,5848200
2002-02-08,7.322913646697998,13.550000190734863,14.359999656677246,13.399999618530272,14.350000381469728,3546200
2002-02-11,7.349935531616211,13.600000381469728,13.75,13.399999618530272,13.699999809265137,1713300
2002-02-12,7.344533443450928,13.59000015258789,13.75,13.539999961853027,13.630000114440918,1841400
2002-02-13,7.1607818603515625,13.25,13.6899995803833,13.25,13.649999618530272,1479100
2002-02-14,7.295888900756836,13.5,13.579999923706056,12.84000015258789,13.300000190734863,3245900
2002-02-15,7.133762836456299,13.199999809265137,13.699999809265137,13.050000190734863,13.699999809265137,1308700
2002-02-19,7.101334095001221,13.140000343322754,13.329999923706056,13.020000457763672,13.300000190734863,612000
2002-02-20,7.155378818511963,13.239999771118164,13.329999923706056,13.0,13.0,720600
2002-02-21,7.2634663581848145,13.4399995803833,13.550000190734863,13.229999542236328,13.300000190734863,2029400
2002-02-22,7.306700229644775,13.520000457763672,13.649999618530272,13.15999984741211,13.359999656677246,1345700
2002-02-25,7.306700229644775,13.520000457763672,13.850000381469728,13.199999809265137,13.550000190734863,980900
2002-02-26,7.458024501800537,13.800000190734863,13.829999923706056,13.3100004196167,13.619999885559082,2014200
2002-02-27,7.6904096603393555,14.229999542236328,14.289999961853027,13.979999542236328,14.100000381469728,1328200
2002-02-28,7.733645915985107,14.3100004196167,14.43000030517578,14.199999809265137,14.260000228881836,1207300
2002-03-01,7.825522422790527,14.479999542236328,14.899999618530272,14.210000038146973,14.899999618530272,903500
2002-03-04,7.890373706817627,14.600000381469728,14.699999809265137,14.300000190734863,14.649999618530272,1474100
2002-03-05,7.971436500549316,14.75,14.850000381469728,14.5,14.59000015258789,756100
2002-03-06,8.138973236083984,15.0600004196167,15.25,14.649999618530272,14.649999618530272,1330500
2002-03-07,8.101140975952148,14.989999771118164,15.199999809265137,14.720000267028809,15.0600004196167,725500
2002-03-08,8.122758865356445,15.029999732971191,15.220000267028809,14.880000114440918,15.010000228881836,336400
2002-03-11,8.236250877380371,15.239999771118164,15.390000343322754,14.829999923706056,15.25,1210900
2002-03-12,8.29570198059082,15.350000381469728,15.359999656677246,14.899999618530272,15.220000267028809,1771900
2002-03-13,8.311912536621094,15.380000114440918,15.5,15.09000015258789,15.5,898700
2002-03-14,8.241656303405762,15.25,15.380000114440918,15.15999984741211,15.380000114440918,546900
2002-03-15,8.430808067321777,15.600000381469728,15.789999961853027,15.210000038146973,15.31999969482422,1019600
2002-03-18,8.349742889404297,15.449999809265137,15.600000381469728,15.270000457763672,15.600000381469728,1457300
2002-03-19,8.598343849182129,15.90999984741211,15.979999542236328,15.460000038146973,15.460000038146973,1074000
2002-03-20,8.58212947845459,15.880000114440918,16.1299991607666,15.729999542236328,15.850000381469728,947600
2002-03-21,8.51187515258789,15.75,15.90999984741211,15.470000267028809,15.850000381469728,498200
2002-03-22,8.452427864074707,15.640000343322754,15.920000076293944,15.3100004196167,15.550000190734863,426000
2002-03-25,8.403786659240723,15.550000190734863,15.93000030517578,15.420000076293944,15.93000030517578,298800
2002-03-26,8.398381233215332,15.539999961853027,15.90999984741211,15.25,15.550000190734863,826100
2002-03-27,8.452427864074707,15.640000343322754,15.760000228881836,15.4399995803833,15.4399995803833,456600
2002-03-28,8.549705505371094,15.81999969482422,16.0,15.529999732971191,15.649999618530272,597000
2002-04-01,8.598343849182129,15.90999984741211,15.979999542236328,15.460000038146973,15.760000228881836,533000
2002-04-02,8.463235855102539,15.65999984741211,15.93000030517578,15.4399995803833,15.90999984741211,528400
2002-04-03,8.338932037353516,15.43000030517578,15.800000190734863,15.350000381469728,15.65999984741211,621200
2002-04-04,8.290294647216797,15.34000015258789,15.550000190734863,15.079999923706056,15.279999732971191,464700
2002-04-05,8.430808067321777,15.600000381469728,15.699999809265137,15.34000015258789,15.34000015258789,280900
2002-04-08,8.468642234802246,15.670000076293944,15.75,15.479999542236328,15.550000190734863,344800
2002-04-09,8.733454704284668,16.15999984741211,16.290000915527344,15.529999732971191,15.670000076293944,432000
2002-04-10,8.890180587768555,16.450000762939453,16.56999969482422,16.110000610351562,16.15999984741211,522900
2002-04-11,8.792900085449219,16.270000457763672,16.530000686645508,16.149999618530273,16.450000762939453,431500
2002-04-12,8.917203903198242,16.5,16.549999237060547,16.209999084472656,16.25,445900
2002-04-15,8.819927215576172,16.31999969482422,16.75,16.139999389648438,16.649999618530273,623900
2002-04-16,8.749667167663574,16.190000534057617,16.600000381469727,16.1200008392334,16.3700008392334,386800
2002-04-17,8.722644805908203,16.139999389648438,16.559999465942383,16.139999389648438,16.389999389648438,587800
2002-04-18,8.928009986877441,16.520000457763672,16.75,16.1200008392334,16.200000762939453,509600
2002-04-19,8.998268127441406,16.649999618530273,16.8799991607666,16.420000076293945,16.799999237060547,488400
2002-04-22,8.890180587768555,16.450000762939453,16.979999542236328,16.40999984741211,16.75,722400
2002-04-23,8.906390190124512,16.479999542236328,16.719999313354492,16.149999618530273,16.170000076293945,708100
2002-04-24,8.760472297668457,16.209999084472656,16.600000381469727,16.1200008392334,16.600000381469727,611400
2002-04-25,8.998268127441406,16.649999618530273,16.770000457763672,15.899999618530272,16.059999465942383,788000
2002-04-26,8.755067825317383,16.200000762939453,16.600000381469727,16.200000762939453,16.600000381469727,309100
2002-04-29,8.657611846923828,15.989999771118164,16.420000076293945,15.949999809265137,16.0,638200
2002-04-30,8.65219783782959,15.979999542236328,16.299999237060547,15.920000076293944,15.93000030517578,637300
2002-05-01,8.98788833618164,16.600000381469727,16.600000381469727,15.779999732971191,15.880000114440918,1173400
2002-05-02,8.830873489379883,16.309999465942383,16.649999618530273,16.100000381469727,16.600000381469727,556900
2002-05-03,8.798384666442871,16.25,16.59000015258789,16.1200008392334,16.149999618530273,769400
2002-05-06,8.62512493133545,15.93000030517578,16.479999542236328,15.850000381469728,16.350000381469727,432100
2002-05-07,8.56015396118164,15.8100004196167,16.100000381469727,15.649999618530272,15.93000030517578,488600
2002-05-08,8.847115516662598,16.34000015258789,16.450000762939453,16.0,16.0,406000
2002-05-09,8.619709968566895,15.920000076293944,16.450000762939453,15.859999656677246,16.34000015258789,882900
2002-05-10,8.527665138244629,15.75,16.0,15.449999809265137,15.970000267028809,687800
2002-05-13,8.581809043884277,15.850000381469728,15.979999542236328,15.699999809265137,15.779999732971191,396300
2002-05-14,8.570979118347168,15.829999923706056,15.949999809265137,15.6899995803833,15.949999809265137,307700
2002-05-15,8.311091423034668,15.350000381469728,15.960000038146973,15.270000457763672,15.699999809265137,1096200
2002-05-16,8.273189544677734,15.279999732971191,15.800000190734863,15.100000381469728,15.3100004196167,1244200
2002-05-17,8.148658752441406,15.050000190734863,15.279999732971191,14.899999618530272,15.029999732971191,1340800
2002-05-20,8.229876518249512,15.199999809265137,15.460000038146973,14.699999809265137,15.050000190734863,740500
2002-05-21,8.181144714355469,15.109999656677246,15.279999732971191,14.970000267028809,15.149999618530272,637600
2002-05-22,8.300260543823242,15.329999923706056,15.399999618530272,14.949999809265137,15.0,1228700
2002-05-23,8.267780303955078,15.270000457763672,15.399999618530272,14.920000076293944,15.329999923706056,786100
2002-05-24,8.587224006652832,15.859999656677246,15.859999656677246,15.149999618530272,15.170000076293944,546300
2002-05-28,8.219042778015137,15.18000030517578,15.8100004196167,15.119999885559082,15.800000190734863,666900
2002-05-29,8.284018516540527,15.300000190734863,15.40999984741211,14.90999984741211,14.93000030517578,973200
2002-05-30,8.235288619995117,15.210000038146973,15.449999809265137,15.0,15.300000190734863,721000
2002-05-31,8.284018516540527,15.300000190734863,15.380000114440918,15.15999984741211,15.199999809265137,591500
2002-06-03,8.175732612609863,15.100000381469728,15.40999984741211,15.020000457763672,15.220000267028809,846100
2002-06-04,8.051204681396484,14.869999885559082,15.050000190734863,14.609999656677246,15.0,1240800
2002-06-05,7.818383693695068,14.4399995803833,14.859999656677246,14.390000343322754,14.859999656677246,1432100
2002-06-06,7.639708042144775,14.109999656677246,14.81999969482422,14.0,14.4399995803833,1287400
2002-06-07,7.915839195251465,14.619999885559082,14.6899995803833,13.90999984741211,14.109999656677246,612100
2002-06-10,7.905012130737305,14.600000381469728,14.949999809265137,14.59000015258789,14.619999885559082,354900
2002-06-11,7.959155559539795,14.699999809265137,15.0,14.329999923706056,14.699999809265137,637000
2002-06-12,7.742578983306885,14.300000190734863,14.739999771118164,14.050000190734863,14.699999809265137,547500
2002-06-13,7.645118713378906,14.119999885559082,14.640000343322754,14.079999923706056,14.300000190734863,474400
2002-06-14,7.715507030487059,14.25,14.40999984741211,13.300000190734863,14.020000457763672,1352000
2002-06-17,7.986228942871094,14.75,15.0,14.270000457763672,14.270000457763672,926600
2002-06-18,8.051204681396484,14.869999885559082,15.100000381469728,14.529999732971191,14.649999618530272,793000
2002-06-19,8.121588706970215,15.0,15.06999969482422,14.649999618530272,14.770000457763672,923300
2002-06-20,8.062029838562012,14.890000343322754,15.18000030517578,14.800000190734863,15.0,723400
2002-06-21,8.072860717773438,14.90999984741211,15.050000190734863,14.399999618530272,14.399999618530272,840200
2002-06-24,7.932080268859863,14.649999618530272,15.039999961853027,14.460000038146973,14.859999656677246,358800
2002-06-25,7.791309356689453,14.390000343322754,14.899999618530272,14.279999732971191,14.75,472200
2002-06-26,7.655950546264648,14.140000343322754,14.350000381469728,13.960000038146973,14.289999961853027,623400
2002-06-27,7.850864887237549,14.5,14.5,13.720000267028809,14.15999984741211,928300
2002-06-28,7.341917514801025,13.5600004196167,14.449999809265137,13.5600004196167,14.449999809265137,584300
2002-07-01,7.271531105041504,13.43000030517578,13.859999656677246,13.350000381469728,13.609999656677246,904300
2002-07-02,7.082026481628418,13.079999923706056,13.359999656677246,13.029999732971191,13.25,736800
2002-07-03,7.044126033782959,13.010000228881836,13.25,12.65999984741211,13.079999923706056,1152100
2002-07-05,7.439371585845947,13.739999771118164,13.899999618530272,13.039999961853027,13.25,417600
2002-07-08,7.314842700958252,13.510000228881836,13.920000076293944,13.5,13.6899995803833,505400
2002-07-09,7.1199212074279785,13.149999618530272,13.550000190734863,13.149999618530272,13.40999984741211,683000
2002-07-10,6.957494258880615,12.850000381469728,13.420000076293944,12.84000015258789,13.170000076293944,491100
2002-07-11,6.7950615882873535,12.550000190734863,12.949999809265137,12.199999809265137,12.850000381469728,699200
2002-07-12,6.822131156921387,12.600000381469728,12.81999969482422,12.399999618530272,12.399999618530272,558000
2002-07-15,6.897933006286621,12.739999771118164,12.739999771118164,11.93000030517578,12.5,791800
2002-07-16,6.610973358154297,12.210000038146973,12.640000343322754,12.100000381469728,12.640000343322754,597700
2002-07-17,6.45936918258667,11.93000030517578,12.630000114440918,11.850000381469728,12.260000228881836,626700
2002-07-18,6.410640239715576,11.84000015258789,12.149999618530272,11.65999984741211,11.90999984741211,602900
2002-07-19,6.329423904418945,11.6899995803833,11.989999771118164,11.449999809265137,11.5,681000
2002-07-22,6.351078510284424,11.729999542236328,12.279999732971191,11.4399995803833,11.649999618530272,1125900
2002-07-23,6.15616512298584,11.369999885559082,11.800000190734863,10.869999885559082,11.699999809265137,684900
2002-07-24,6.275279998779297,11.59000015258789,11.739999771118164,10.75,11.0,979300
2002-07-25,6.118265151977539,11.300000190734863,11.619999885559082,10.850000381469728,11.199999809265137,921000
2002-07-26,6.134503364562988,11.329999923706056,11.449999809265137,11.140000343322754,11.270000457763672,504200
2002-07-29,6.524340152740479,12.050000190734863,12.09000015258789,11.520000457763672,11.829999923706056,671000
2002-07-30,6.616616249084473,12.1899995803833,12.289999961853027,11.5,11.920000076293944,857500
2002-07-31,6.649181842803955,12.25,12.329999923706056,11.93000030517578,12.149999618530272,851300
2002-08-01,6.8011651039123535,12.529999732971191,12.56999969482422,12.199999809265137,12.25,987500
2002-08-02,6.448349475860596,11.880000114440918,12.380000114440918,11.800000190734863,12.380000114440918,914700
2002-08-05,6.437495231628418,11.859999656677246,12.0,11.649999618530272,11.84000015258789,441900
2002-08-06,6.51891565322876,12.010000228881836,12.359999656677246,11.920000076293944,12.109999656677246,568800
2002-08-07,6.459205627441406,11.899999618530272,12.399999618530272,11.65999984741211,12.289999961853027,649900
2002-08-08,6.676320552825928,12.300000190734863,12.300000190734863,11.600000381469728,11.899999618530272,603400
2002-08-09,6.703465461730957,12.350000381469728,12.399999618530272,12.039999961853027,12.100000381469728,581700
2002-08-12,6.51891565322876,12.010000228881836,12.31999969482422,11.8100004196167,12.31999969482422,301700
2002-08-13,6.524341106414795,12.020000457763672,12.270000457763672,11.90999984741211,11.90999984741211,480400
2002-08-14,6.654608726501465,12.260000228881836,12.359999656677246,11.90999984741211,12.029999732971191,562300
2002-08-15,6.893435478210449,12.699999809265137,12.699999809265137,12.050000190734863,12.18000030517578,580200
2002-08-16,6.839160442352295,12.600000381469728,12.829999923706056,12.359999656677246,12.699999809265137,605400
2002-08-19,7.0834150314331055,13.050000190734863,13.119999885559082,12.59000015258789,12.699999809265137,502400
2002-08-20,7.029136657714844,12.949999809265137,13.050000190734863,12.68000030517578,12.800000190734863,457200
2002-08-21,7.267962455749512,13.390000343322754,13.460000038146973,13.010000228881836,13.199999809265137,1348600
2002-08-22,7.38195276260376,13.600000381469728,13.670000076293944,12.949999809265137,13.350000381469728,682500
2002-08-23,7.305960655212402,13.460000038146973,13.789999961853027,13.350000381469728,13.5,1408500
2002-08-26,7.20282793045044,13.270000457763672,13.489999771118164,13.15999984741211,13.460000038146973,398900
2002-08-27,7.186543941497803,13.239999771118164,13.449999809265137,12.869999885559082,13.279999732971191,784400
2002-08-28,7.170260906219482,13.210000038146973,13.210000038146973,13.039999961853027,13.140000343322754,693900
2002-08-29,7.224539279937744,13.3100004196167,13.3100004196167,12.829999923706056,13.109999656677246,655400
2002-08-30,7.137692928314209,13.149999618530272,13.350000381469728,12.989999771118164,13.260000228881836,263700
2002-09-03,6.985712051391602,12.869999885559082,13.0,12.56999969482422,12.949999809265137,754200
2002-09-04,7.170260906219482,13.210000038146973,13.239999771118164,12.75,12.869999885559082,525600
2002-09-05,6.991140842437744,12.880000114440918,13.109999656677246,12.800000190734863,13.109999656677246,776000
2002-09-06,6.94771671295166,12.800000190734863,13.109999656677246,12.75,12.979999542236328,1137500
2002-09-09,6.920582294464111,12.75,13.0,12.65999984741211,12.779999732971191,1093800
2002-09-10,6.94771671295166,12.800000190734863,12.850000381469728,12.550000190734863,12.800000190734863,861800
2002-09-11,6.920582294464111,12.75,12.949999809265137,12.600000381469728,12.949999809265137,562300
2002-09-12,6.812022686004639,12.550000190734863,12.710000038146973,12.350000381469728,12.699999809265137,709800
2002-09-13,6.7848801612854,12.5,12.600000381469728,12.199999809265137,12.449999809265137,475200
2002-09-16,6.7957377433776855,12.520000457763672,12.640000343322754,12.25,12.350000381469728,437500
2002-09-17,6.5351972579956055,12.039999961853027,12.779999732971191,12.0,12.75,628100
2002-09-18,6.594906806945801,12.149999618530272,12.260000228881836,11.920000076293944,12.039999961853027,537400
2002-09-19,6.453779697418213,11.890000343322754,12.100000381469728,11.770000457763672,12.050000190734863,467000
2002-09-20,6.453779697418213,11.890000343322754,12.18000030517578,11.779999732971191,11.989999771118164,589200
2002-09-23,6.323509693145752,11.649999618530272,11.869999885559082,11.5,11.789999961853027,596900
2002-09-24,6.388643264770508,11.770000457763672,11.81999969482422,11.550000190734863,11.550000190734863,919700
2002-09-25,6.562337875366211,12.09000015258789,12.229999542236328,11.720000267028809,11.720000267028809,556100
2002-09-26,6.339795112609863,11.68000030517578,12.210000038146973,11.5,12.1899995803833,2145900
2002-09-27,6.04668664932251,11.140000343322754,11.760000228881836,11.100000381469728,11.670000076293944,1571800
2002-09-30,6.041257858276367,11.130000114440918,11.34000015258789,10.699999809265137,11.140000343322754,1947800
2002-10-01,6.160669326782227,11.350000381469728,11.380000114440918,11.029999732971191,11.350000381469728,1108900
2002-10-02,5.916416168212891,10.899999618530272,11.350000381469728,10.5,11.350000381469728,1128100
2002-10-03,6.008691310882568,11.06999969482422,11.18000030517578,10.90999984741211,11.149999618530272,737400
2002-10-04,6.06296968460083,11.170000076293944,11.359999656677246,10.5600004196167,11.149999618530272,1517300
2002-10-07,5.9109883308410645,10.890000343322754,11.100000381469728,10.739999771118164,10.800000190734863,1069700
2002-10-08,5.9001312255859375,10.869999885559082,11.09000015258789,10.579999923706056,10.989999771118164,954600
2002-10-09,5.769863605499268,10.630000114440918,10.81999969482422,10.489999771118164,10.56999969482422,948400
2002-10-10,5.590742588043213,10.300000190734863,10.609999656677246,10.18000030517578,10.550000190734863,1617100
2002-10-11,5.824139595031738,10.729999542236328,10.84000015258789,10.399999618530272,10.399999618530272,1081400
2002-10-14,5.8621368408203125,10.800000190734863,11.020000457763672,10.600000381469728,10.729999542236328,546900
2002-10-15,5.970695972442627,11.0,11.260000228881836,10.850000381469728,10.899999618530272,1383500
2002-10-16,5.9001312255859375,10.869999885559082,11.100000381469728,10.489999771118164,11.0,858100
2002-10-17,5.943553924560547,10.949999809265137,11.399999618530272,10.949999809265137,11.300000190734863,1156300
2002-10-18,5.889276504516602,10.850000381469728,11.119999885559082,10.850000381469728,10.949999809265137,1059200
2002-10-21,5.970695972442627,11.0,11.0600004196167,10.15999984741211,10.199999809265137,1329500
2002-10-22,5.655876636505127,10.420000076293944,10.979999542236328,10.260000228881836,10.960000038146973,1109600
2002-10-23,5.666731834411621,10.4399995803833,10.670000076293944,10.270000457763672,10.470000267028809,577900
2002-10-24,5.683014869689941,10.470000267028809,10.699999809265137,10.420000076293944,10.539999961853027,608700
2002-10-25,5.769863605499268,10.630000114440918,10.68000030517578,10.300000190734863,10.399999618530272,832700
2002-10-28,5.514751434326172,10.15999984741211,10.699999809265137,10.100000381469728,10.65999984741211,936400
2002-10-29,5.482184886932373,10.100000381469728,10.3100004196167,9.869999885559082,10.199999809265137,1521300
2002-10-30,5.476738452911377,10.0600004196167,10.149999618530272,9.899999618530272,10.140000343322754,1452600
2002-10-31,5.563844203948975,10.220000267028809,10.300000190734863,10.0600004196167,10.0600004196167,1263600
2002-11-01,5.797940254211426,10.649999618530272,10.699999809265137,10.109999656677246,10.220000267028809,814800
2002-11-04,5.716277599334717,10.5,10.800000190734863,10.449999809265137,10.75,934200
2002-11-05,5.743500232696533,10.550000190734863,10.75,10.420000076293944,10.600000381469728,1248100
2002-11-06,5.792496204376221,10.640000343322754,10.75,10.43000030517578,10.56999969482422,796500
2002-11-07,5.868712425231934,10.779999732971191,10.9399995803833,10.40999984741211,10.640000343322754,952000
2002-11-08,5.846936702728272,10.739999771118164,10.93000030517578,10.550000190734863,10.789999961853027,556900
2002-11-11,5.716277599334717,10.5,10.800000190734863,10.369999885559082,10.710000038146973,580800
2002-11-12,5.710832595825195,10.489999771118164,10.640000343322754,10.4399995803833,10.470000267028809,269700
2002-11-13,5.863269805908203,10.770000457763672,10.90999984741211,10.4399995803833,10.529999732971191,677300
2002-11-14,6.179023265838623,11.350000381469728,11.970000267028809,10.81999969482422,10.869999885559082,1785500
2002-11-15,6.358681678771973,11.68000030517578,11.789999961853027,11.369999885559082,11.449999809265137,814300
2002-11-18,6.64177131652832,12.199999809265137,12.359999656677246,12.010000228881836,12.130000114440918,1590800
2002-11-19,6.570998191833496,12.06999969482422,12.329999923706056,11.899999618530272,12.170000076293944,1166000
2002-11-20,6.685324192047119,12.279999732971191,12.4399995803833,11.949999809265137,12.0,759200
2002-11-21,6.924866199493408,12.720000267028809,12.84000015258789,12.380000114440918,12.449999809265137,1071200
2002-11-22,7.0174102783203125,12.890000343322754,13.119999885559082,12.640000343322754,12.6899995803833,959300
2002-11-25,7.120853424072266,13.079999923706056,13.100000381469728,12.670000076293944,12.970000267028809,984100
2002-11-26,6.881311893463135,12.640000343322754,13.079999923706056,12.550000190734863,13.079999923706056,952300
2002-11-27,7.120853424072266,13.079999923706056,13.109999656677246,12.600000381469728,12.630000114440918,769600
2002-11-29,6.979304790496826,12.81999969482422,13.1899995803833,12.75,13.109999656677246,541900
2002-12-02,7.077298164367676,13.0,13.479999542236328,12.649999618530272,13.25,963700
2002-12-03,6.94664192199707,12.760000228881836,12.93000030517578,12.600000381469728,12.899999618530272,1141900
2002-12-04,6.908528327941895,12.6899995803833,12.800000190734863,12.600000381469728,12.600000381469728,872500
2002-12-05,6.810538291931152,12.510000228881836,12.800000190734863,12.390000343322754,12.710000038146973,1404500
2002-12-06,6.712543487548828,12.329999923706056,12.5,12.220000267028809,12.40999984741211,884900
2002-12-09,6.440342426300049,11.829999923706056,12.229999542236328,11.800000190734863,12.229999542236328,843800
2002-12-10,6.619996070861816,12.15999984741211,12.15999984741211,11.68000030517578,11.68000030517578,475500
2002-12-11,6.456672191619873,11.859999656677246,12.06999969482422,11.859999656677246,12.0600004196167,293000
2002-12-12,6.592775821685791,12.109999656677246,12.15999984741211,11.829999923706056,11.869999885559082,721300
2002-12-13,6.4621171951293945,11.869999885559082,12.100000381469728,11.859999656677246,12.010000228881836,421200
2002-12-16,6.570998191833496,12.06999969482422,12.119999885559082,11.829999923706056,11.880000114440918,429500
2002-12-17,6.5002264976501465,11.9399995803833,12.109999656677246,11.920000076293944,12.109999656677246,492100
2002-12-18,6.358681678771973,11.68000030517578,12.079999923706056,11.5600004196167,11.989999771118164,903300
2002-12-19,6.217134475708008,11.420000076293944,11.75,11.300000190734863,11.380000114440918,1465600
2002-12-20,6.173580169677734,11.34000015258789,11.520000457763672,11.210000038146973,11.279999732971191,1010800
2002-12-23,6.206246376037598,11.399999618530272,11.539999961853027,11.210000038146973,11.239999771118164,804400
2002-12-24,6.064700126647949,11.140000343322754,11.399999618530272,11.020000457763672,11.399999618530272,455500
2002-12-26,6.173580169677734,11.34000015258789,11.449999809265137,11.1899995803833,11.199999809265137,393800
2002-12-27,6.053812026977539,11.119999885559082,11.359999656677246,11.100000381469728,11.270000457763672,607700
2002-12-30,6.10280704498291,11.210000038146973,11.3100004196167,11.010000228881836,11.130000114440918,700200
2002-12-31,6.287905693054199,11.550000190734863,11.609999656677246,11.170000076293944,11.170000076293944,575800
2003-01-02,6.326013565063477,11.619999885559082,11.6899995803833,11.420000076293944,11.600000381469728,934000
2003-01-03,6.287905693054199,11.550000190734863,11.729999542236328,11.479999542236328,11.619999885559082,528800
2003-01-06,6.369569301605225,11.699999809265137,11.760000228881836,11.5600004196167,11.630000114440918,525600
2003-01-07,6.407678127288818,11.770000457763672,11.899999618530272,11.630000114440918,11.800000190734863,629300
2003-01-08,6.331459045410156,11.630000114440918,11.6899995803833,11.510000228881836,11.670000076293944,429800
2003-01-09,6.4784464836120605,11.899999618530272,11.90999984741211,11.630000114440918,11.630000114440918,466600
2003-01-10,6.451229095458984,11.850000381469728,11.949999809265137,11.710000038146973,11.75,434500
2003-01-13,6.511112213134766,11.960000038146973,12.010000228881836,11.739999771118164,11.859999656677246,598500
2003-01-14,6.570998191833496,12.06999969482422,12.06999969482422,11.789999961853027,11.859999656677246,456600
2003-01-15,6.587328910827637,12.100000381469728,12.100000381469728,11.890000343322754,12.0600004196167,716100
2003-01-16,6.570998191833496,12.06999969482422,12.130000114440918,11.949999809265137,12.0600004196167,756200
2003-01-17,6.54922342300415,12.029999732971191,12.09000015258789,11.920000076293944,12.06999969482422,386600
2003-01-21,6.494783401489258,11.93000030517578,12.130000114440918,11.84000015258789,12.079999923706056,687500
2003-01-22,6.511112213134766,11.960000038146973,11.960000038146973,11.649999618530272,11.9399995803833,1061600
2003-01-23,6.53289270401001,12.0,12.100000381469728,11.960000038146973,11.960000038146973,676700
2003-01-24,6.543779850006104,12.020000457763672,12.119999885559082,11.920000076293944,12.010000228881836,720400
2003-01-27,6.473005294799805,11.890000343322754,12.09000015258789,11.600000381469728,12.020000457763672,804200
2003-01-28,6.570998191833496,12.06999969482422,12.130000114440918,11.850000381469728,11.9399995803833,582400
2003-01-29,6.543712139129639,11.989999771118164,12.050000190734863,11.710000038146973,11.890000343322754,605600
2003-01-30,6.412726879119873,11.75,12.050000190734863,11.699999809265137,11.9399995803833,949000
2003-01-31,6.549167156219482,12.0,12.029999732971191,11.75,11.75,1025600
2003-02-03,6.5764570236206055,12.050000190734863,12.25,11.960000038146973,12.149999618530272,897500
2003-02-04,6.341777324676514,11.619999885559082,11.979999542236328,11.600000381469728,11.949999809265137,870700
2003-02-05,6.358150005340576,11.649999618530272,11.84000015258789,11.579999923706056,11.720000267028809,706700
2003-02-06,6.29811429977417,11.539999961853027,11.75,11.510000228881836,11.649999618530272,604300
2003-02-07,6.276285648345947,11.5,11.729999542236328,11.489999771118164,11.630000114440918,347100
2003-02-10,6.303572654724121,11.550000190734863,11.59000015258789,11.300000190734863,11.479999542236328,641400
2003-02-11,6.2380805015563965,11.43000030517578,11.699999809265137,11.43000030517578,11.550000190734863,429000
2003-02-12,6.161674976348877,11.289999961853027,11.56999969482422,11.229999542236328,11.470000267028809,832000
2003-02-13,6.440016269683838,11.800000190734863,11.899999618530272,11.600000381469728,11.600000381469728,1798500
2003-02-14,6.494591236114502,11.899999618530272,11.970000267028809,11.739999771118164,11.850000381469728,1710100
2003-02-18,6.701979637145996,12.279999732971191,12.300000190734863,11.970000267028809,12.0,1080600
2003-02-19,6.494591236114502,11.899999618530272,12.279999732971191,11.8100004196167,12.279999732971191,1143200
2003-02-20,6.625575542449951,12.140000343322754,12.229999542236328,12.039999961853027,12.199999809265137,1303300
2003-02-21,6.625575542449951,12.140000343322754,12.279999732971191,12.050000190734863,12.140000343322754,847700
2003-02-24,6.581910133361816,12.0600004196167,12.149999618530272,11.979999542236328,12.149999618530272,806400
2003-02-25,6.631033420562744,12.149999618530272,12.229999542236328,11.880000114440918,12.010000228881836,497400
2003-02-26,6.581910133361816,12.0600004196167,12.369999885559082,12.039999961853027,12.149999618530272,834900
2003-02-27,6.603745937347412,12.100000381469728,12.130000114440918,12.050000190734863,12.119999885559082,958800
2003-02-28,6.609201431274414,12.109999656677246,12.18000030517578,12.050000190734863,12.140000343322754,1188400
2003-03-03,6.636490345001221,12.15999984741211,12.31999969482422,12.079999923706056,12.18000030517578,1845500
2003-03-04,6.592827320098877,12.079999923706056,12.18000030517578,12.029999732971191,12.140000343322754,647000
2003-03-05,6.614660739898682,12.119999885559082,12.25,12.0600004196167,12.149999618530272,797000
2003-03-06,6.669235706329346,12.220000267028809,12.229999542236328,12.0,12.050000190734863,800300
2003-03-07,6.832967758178711,12.520000457763672,12.539999961853027,12.119999885559082,12.220000267028809,858800
2003-03-10,6.663780689239502,12.210000038146973,12.539999961853027,12.1899995803833,12.520000457763672,532800
2003-03-11,6.565541744232178,12.029999732971191,12.25,12.020000457763672,12.170000076293944,551400
2003-03-12,6.625575542449951,12.140000343322754,12.149999618530272,11.710000038146973,11.979999542236328,686000
2003-03-13,7.144053936004639,13.09000015258789,13.100000381469728,12.300000190734863,12.449999809265137,2364100
2003-03-14,7.078562736511231,12.970000267028809,13.100000381469728,12.84000015258789,13.09000015258789,1156300
2003-03-17,7.5315399169921875,13.800000190734863,13.800000190734863,12.920000076293944,12.979999542236328,1251500
2003-03-18,7.553372383117676,13.84000015258789,13.90999984741211,13.529999732971191,13.800000190734863,1220000
2003-03-19,7.553372383117676,13.84000015258789,13.989999771118164,13.68000030517578,13.84000015258789,629700
2003-03-20,7.586121559143066,13.899999618530272,14.18000030517578,13.619999885559082,13.84000015258789,1160000
2003-03-21,7.962693214416504,14.59000015258789,14.600000381469728,13.989999771118164,14.100000381469728,975000
2003-03-24,7.487882137298584,13.720000267028809,14.260000228881836,13.600000381469728,14.25,838400
2003-03-25,7.586121559143066,13.899999618530272,14.170000076293944,13.619999885559082,13.670000076293944,862900
2003-03-26,7.651614189147949,14.020000457763672,14.149999618530272,13.84000015258789,13.93000030517578,820300
2003-03-27,7.613409996032715,13.949999809265137,14.020000457763672,13.670000076293944,13.920000076293944,777400
2003-03-28,7.564290523529053,13.859999656677246,13.960000038146973,13.789999961853027,13.899999618530272,997400
2003-03-31,7.580659866333008,13.890000343322754,13.93000030517578,13.6899995803833,13.8100004196167,1657100
2003-04-01,7.618866443634033,13.960000038146973,13.960000038146973,13.65999984741211,13.789999961853027,1394100
2003-04-02,7.826257228851318,14.34000015258789,14.399999618530272,13.989999771118164,14.100000381469728,1093900
2003-04-03,8.050020217895508,14.75,14.850000381469728,14.34000015258789,14.390000343322754,1479300
2003-04-04,8.180998802185059,14.989999771118164,14.989999771118164,14.770000457763672,14.800000190734863,1451400
2003-04-07,8.07185173034668,14.789999961853027,15.149999618530272,14.640000343322754,15.050000190734863,1657500
2003-04-08,8.104598999023438,14.850000381469728,14.850000381469728,14.600000381469728,14.779999732971191,595400
2003-04-09,8.131885528564453,14.899999618530272,15.050000190734863,14.729999542236328,14.850000381469728,1100100
2003-04-10,8.050020217895508,14.75,14.970000267028809,14.5,14.949999809265137,772200
2003-04-11,8.050020217895508,14.75,14.90999984741211,14.59000015258789,14.75,681100
2003-04-14,8.104598999023438,14.850000381469728,14.899999618530272,14.699999809265137,14.789999961853027,672300
2003-04-15,8.230118751525879,15.079999923706056,15.140000343322754,14.729999542236328,14.850000381469728,1086300
2003-04-16,8.099138259887695,14.84000015258789,15.09000015258789,14.84000015258789,15.050000190734863,737300
2003-04-17,7.7498459815979,14.199999809265137,14.850000381469728,14.09000015258789,14.850000381469728,2159900
2003-04-21,8.492087364196777,15.5600004196167,15.649999618530272,14.949999809265137,14.949999809265137,4312700
2003-04-22,8.73222541809082,16.0,16.079999923706055,15.18000030517578,15.460000038146973,3519300
2003-04-23,8.644905090332031,15.84000015258789,16.100000381469727,15.65999984741211,16.049999237060547,1576800
2003-04-24,8.666730880737305,15.880000114440918,15.9399995803833,15.75,15.9399995803833,1119700
2003-04-25,8.73222541809082,16.0,16.040000915527344,15.75,15.899999618530272,1228100
2003-04-28,8.73222541809082,16.0,16.200000762939453,15.770000457763672,16.0,1208500
2003-04-29,8.792366981506348,16.079999923706055,16.139999389648438,15.869999885559082,15.989999771118164,1608800
2003-04-30,8.748629570007324,16.0,16.139999389648438,15.920000076293944,16.079999923706055,1172700
2003-05-01,8.825177192687988,16.139999389648438,16.170000076293945,15.579999923706056,15.920000076293944,1947200
2003-05-02,8.72128677368164,15.949999809265137,16.18000030517578,15.920000076293944,16.139999389648438,1031200
2003-05-05,8.775964736938477,16.049999237060547,16.06999969482422,15.920000076293944,16.049999237060547,1635800
2003-05-06,9.060297966003418,16.56999969482422,16.610000610351562,16.059999465942383,16.059999465942383,2171800
2003-05-07,8.748629570007324,16.0,16.549999237060547,15.979999542236328,16.549999237060547,1954700
2003-05-08,8.72128677368164,15.949999809265137,16.020000457763672,15.68000030517578,15.850000381469728,1178500
2003-05-09,8.808774948120117,16.110000610351562,16.15999984741211,15.9399995803833,16.049999237060547,1056400
2003-05-12,8.857987403869629,16.200000762939453,16.200000762939453,15.880000114440918,16.0,830300
2003-05-13,8.78689956665039,16.06999969482422,16.170000076293945,15.899999618530272,16.149999618530273,1000800
2003-05-14,8.65020751953125,15.81999969482422,16.010000228881836,15.739999771118164,16.0,626700
2003-05-15,8.737692832946777,15.979999542236328,15.989999771118164,15.630000114440918,15.949999809265137,545000
2003-05-16,8.830646514892578,16.149999618530273,16.149999618530273,15.670000076293944,15.979999542236328,1027900
2003-05-19,8.568183898925781,15.670000076293944,16.049999237060547,15.609999656677246,16.049999237060547,562500
2003-05-20,8.458830833435059,15.470000267028809,15.779999732971191,15.300000190734863,15.68000030517578,596700
2003-05-21,8.447891235351562,15.449999809265137,15.449999809265137,15.149999618530272,15.199999809265137,665500
2003-05-22,8.431489944458008,15.420000076293944,15.600000381469728,15.3100004196167,15.399999618530272,617800
2003-05-23,8.524443626403809,15.59000015258789,15.68000030517578,15.199999809265137,15.380000114440918,701000
2003-05-27,8.661144256591797,15.84000015258789,15.890000343322754,15.510000228881836,15.600000381469728,753800
2003-05-28,8.551783561706543,15.640000343322754,15.859999656677246,15.59000015258789,15.739999771118164,749700
2003-05-29,8.748629570007324,16.0,16.020000457763672,15.6899995803833,15.739999771118164,1009900
2003-05-30,8.754093170166016,16.010000228881836,16.100000381469727,15.850000381469728,15.979999542236328,879400
2003-06-02,8.781436920166016,16.059999465942383,16.280000686645508,15.949999809265137,16.010000228881836,864100
2003-06-03,8.732222557067871,15.970000267028809,16.18000030517578,15.899999618530272,16.15999984741211,868300
2003-06-04,8.96734619140625,16.399999618530273,16.40999984741211,15.9399995803833,15.989999771118164,881000
2003-06-05,9.213397026062012,16.850000381469727,16.850000381469727,16.18000030517578,16.40999984741211,1159400
2003-06-06,9.120448112487791,16.68000030517578,17.010000228881836,16.540000915527344,16.850000381469727,1251800
2003-06-09,8.95094108581543,16.3700008392334,16.719999313354492,16.25,16.65999984741211,530700
2003-06-10,9.131381034851074,16.700000762939453,16.709999084472656,16.309999465942383,16.520000457763672,812100
2003-06-11,9.492259979248049,17.360000610351562,17.360000610351562,16.700000762939453,16.780000686645508,1533600
2003-06-12,9.492259979248049,17.360000610351562,17.469999313354492,17.25,17.360000610351562,676900
2003-06-13,9.530536651611328,17.43000030517578,17.56999969482422,17.3700008392334,17.43000030517578,824600
2003-06-16,9.85861110687256,18.030000686645508,18.030000686645508,17.520000457763672,17.6299991607666,1124200
2003-06-17,9.809398651123049,17.940000534057617,18.049999237060547,17.75,18.030000686645508,597700
2003-06-18,9.404773712158203,17.200000762939453,17.950000762939453,16.700000762939453,17.950000762939453,1971900
2003-06-19,9.306352615356444,17.020000457763672,17.350000381469727,16.920000076293945,17.200000762939453,551300
2003-06-20,9.388370513916016,17.170000076293945,17.25,17.040000915527344,17.25,646000
2003-06-23,9.295414924621582,17.0,17.170000076293945,16.860000610351562,17.170000076293945,509800
2003-06-24,9.415708541870115,17.219999313354492,17.25,16.920000076293945,16.950000762939453,629400
2003-06-25,9.437579154968262,17.260000228881836,17.450000762939453,17.219999313354492,17.219999313354492,598200
2003-06-26,9.645359992980955,17.639999389648438,17.700000762939453,17.219999313354492,17.270000457763672,579600
2003-06-27,9.56881332397461,17.5,17.670000076293945,17.31999969482422,17.670000076293945,841100
2003-06-30,9.563344955444336,17.489999771118164,17.700000762939453,17.40999984741211,17.5,633100
2003-07-01,9.853140830993652,18.020000457763672,18.020000457763672,17.260000228881836,17.489999771118164,933100
2003-07-02,9.973432540893556,18.239999771118164,18.309999465942383,17.899999618530273,17.950000762939453,747300
2003-07-03,9.880478858947754,18.06999969482422,18.309999465942383,17.920000076293945,18.25,417400
2003-07-07,10.033583641052246,18.350000381469727,18.450000762939453,18.07999992370605,18.09000015258789,622600
2003-07-08,10.049986839294434,18.3799991607666,18.520000457763672,18.15999984741211,18.350000381469727,554200
2003-07-09,9.885950088500977,18.07999992370605,18.3799991607666,17.950000762939453,18.32999992370605,1614700
2003-07-10,9.743783950805664,17.81999969482422,18.020000457763672,17.75,18.020000457763672,1384900
2003-07-11,9.732845306396484,17.799999237060547,17.899999618530273,17.690000534057617,17.709999084472656,937600
2003-07-14,9.694573402404783,17.729999542236328,17.920000076293945,17.719999313354492,17.799999237060547,896000
2003-07-15,9.689105033874512,17.719999313354492,18.010000228881836,17.719999313354492,17.850000381469727,1096300
2003-07-16,9.71644687652588,17.770000457763672,17.959999084472656,17.6299991607666,17.770000457763672,1487700
2003-07-17,9.464921951293944,17.309999465942383,17.700000762939453,17.270000457763672,17.670000076293945,1278600
2003-07-18,9.809398651123049,17.940000534057617,17.959999084472656,17.299999237060547,17.399999618530273,1016900
2003-07-21,9.72738265991211,17.790000915527344,18.049999237060547,17.6200008392334,18.0,1791800
2003-07-22,9.95703125,18.209999084472656,18.209999084472656,17.670000076293945,17.850000381469727,983800
2003-07-23,10.268702507019045,18.780000686645508,18.799999237060547,18.170000076293945,18.239999771118164,1078100
2003-07-24,10.263232231140137,18.770000457763672,19.059999465942383,18.63999938964844,18.739999771118164,1081000
2003-07-25,10.465545654296877,19.13999938964844,19.200000762939453,18.71999931335449,18.739999771118164,642000
2003-07-28,10.4983549118042,19.200000762939453,19.25,18.940000534057617,19.09000015258789,492000
2003-07-29,10.296042442321776,18.82999992370605,19.190000534057617,18.799999237060547,19.190000534057617,952400
2003-07-30,10.224844932556152,18.670000076293945,18.8799991607666,18.64999961853028,18.850000381469727,667300
2003-07-31,10.323426246643066,18.850000381469727,19.09000015258789,18.65999984741211,18.8700008392334,933600
2003-08-01,10.361767768859863,18.920000076293945,18.979999542236328,18.729999542236328,18.75,534600
2003-08-04,10.224844932556152,18.670000076293945,18.950000762939453,18.61000061035156,18.950000762939453,792000
2003-08-05,10.191986083984377,18.61000061035156,18.979999542236328,18.559999465942383,18.75,676800
2003-08-06,10.279611587524414,18.770000457763672,18.770000457763672,18.39999961853028,18.57999992370605,661800
2003-08-07,10.443907737731934,19.06999969482422,19.09000015258789,18.75,18.75,878400
2003-08-08,10.400097846984863,18.989999771118164,19.270000457763672,18.989999771118164,19.06999969482422,707000
2003-08-11,10.345331192016602,18.88999938964844,19.09000015258789,18.700000762939453,19.09000015258789,474900
2003-08-12,10.405572891235352,19.0,19.15999984741211,18.89999961853028,19.0,953900
2003-08-13,10.306992530822754,18.81999969482422,19.11000061035156,18.790000915527344,19.100000381469727,705200
2003-08-14,10.422003746032717,19.030000686645508,19.06999969482422,18.780000686645508,18.90999984741211,668800
2003-08-15,10.2412748336792,18.700000762939453,19.049999237060547,18.520000457763672,19.049999237060547,384000
2003-08-18,10.438434600830078,19.059999465942383,19.190000534057617,18.700000762939453,18.700000762939453,667900
2003-08-19,10.35080909729004,18.89999961853028,19.06999969482422,18.8700008392334,19.059999465942383,819900
2003-08-20,10.482247352600098,19.13999938964844,19.3700008392334,18.71999931335449,18.88999938964844,894200
2003-08-21,10.37271213531494,18.940000534057617,19.229999542236328,18.86000061035156,19.13999938964844,491600
2003-08-22,10.191986083984377,18.61000061035156,19.049999237060547,18.549999237060547,19.0,716900
2003-08-25,9.994829177856444,18.25,18.690000534057617,18.190000534057617,18.690000534057617,1515700
2003-08-26,10.09341049194336,18.43000030517578,18.440000534057617,18.100000381469727,18.25,1036500
2003-08-27,9.989351272583008,18.239999771118164,18.39999961853028,18.15999984741211,18.3799991607666,604600
2003-08-28,10.055068969726562,18.36000061035156,18.38999938964844,18.100000381469727,18.32999992370605,556100
2003-08-29,10.131741523742676,18.5,18.57999992370605,18.170000076293945,18.36000061035156,760500
2003-09-02,10.153650283813477,18.540000915527344,18.6299991607666,18.36000061035156,18.520000457763672,903600
2003-09-03,10.290560722351074,18.790000915527344,18.88999938964844,18.46999931335449,18.520000457763672,1126900
2003-09-04,10.257704734802246,18.729999542236328,18.799999237060547,18.600000381469727,18.690000534057617,824500
2003-09-05,10.257704734802246,18.729999542236328,18.89999961853028,18.700000762939453,18.71999931335449,508600
2003-09-08,10.285086631774902,18.780000686645508,18.850000381469727,18.65999984741211,18.770000457763672,577300
2003-09-09,10.224844932556152,18.670000076293945,18.8799991607666,18.31999969482422,18.84000015258789,950700
2003-09-10,10.164603233337402,18.559999465942383,18.690000534057617,18.46999931335449,18.690000534057617,900500
2003-09-11,10.323426246643066,18.850000381469727,18.850000381469727,18.51000022888184,18.559999465942383,611300
2003-09-12,10.26866054534912,18.75,18.780000686645508,18.540000915527344,18.700000762939453,536100
2003-09-15,10.35080909729004,18.89999961853028,18.89999961853028,18.51000022888184,18.75,788100
2003-09-16,10.405572891235352,19.0,19.0,18.690000534057617,18.89999961853028,523800
2003-09-17,10.427482604980469,19.040000915527344,19.21999931335449,18.790000915527344,18.850000381469727,895300
2003-09-18,10.35080909729004,18.89999961853028,19.18000030517578,18.81999969482422,19.040000915527344,805600
2003-09-19,10.35080909729004,18.89999961853028,18.93000030517578,18.700000762939453,18.86000061035156,713800
2003-09-22,10.323426246643066,18.850000381469727,18.88999938964844,18.65999984741211,18.850000381469727,298800
2003-09-23,10.35080909729004,18.89999961853028,18.920000076293945,18.799999237060547,18.850000381469727,516200
2003-09-24,10.208416938781738,18.63999938964844,18.8799991607666,18.459999084472656,18.86000061035156,659900
2003-09-25,10.09341049194336,18.43000030517578,18.61000061035156,18.36000061035156,18.600000381469727,1017100
2003-09-26,10.000303268432615,18.26000022888184,18.40999984741211,18.209999084472656,18.350000381469727,729200
2003-09-29,10.224844932556152,18.670000076293945,18.670000076293945,18.209999084472656,18.209999084472656,506900
2003-09-30,10.230320930480955,18.68000030517578,18.81999969482422,18.5,18.56999969482422,1282700
2003-10-01,10.542489051818848,19.25,19.25,18.709999084472656,18.71999931335449,842900
2003-10-02,11.10110569000244,20.270000457763672,20.299999237060547,19.14999961853028,19.25,2532600
2003-10-03,11.15039348602295,20.36000061035156,20.38999938964844,19.200000762939453,20.15999984741211,2466300
2003-10-06,11.35302734375,20.729999542236328,20.729999542236328,20.14999961853028,20.26000022888184,1006300
2003-10-07,11.292784690856934,20.6200008392334,20.6200008392334,20.209999084472656,20.530000686645508,685400
2003-10-08,11.161348342895508,20.3799991607666,20.75,20.26000022888184,20.75,582400
2003-10-09,11.385892868041992,20.790000915527344,21.0,20.43000030517578,20.530000686645508,747100
2003-10-10,11.30921745300293,20.64999961853028,20.850000381469727,20.479999542236328,20.780000686645508,535800
2003-10-13,11.440654754638672,20.88999938964844,20.88999938964844,20.600000381469727,20.6200008392334,750100
2003-10-14,11.358505249023438,20.739999771118164,20.88999938964844,20.450000762939453,20.88999938964844,656000
2003-10-15,11.336603164672852,20.700000762939453,20.81999969482422,20.520000457763672,20.709999084472656,443200
2003-10-16,11.41874885559082,20.850000381469727,20.8700008392334,20.6299991607666,20.64999961853028,940700
2003-10-17,11.303736686706545,20.63999938964844,20.8799991607666,20.600000381469727,20.8799991607666,639900
2003-10-20,11.88426113128662,21.700000762939453,21.739999771118164,20.59000015258789,21.030000686645508,2122400
2003-10-21,12.021183013916016,21.950000762939453,22.299999237060547,21.25,22.100000381469727,4429700
2003-10-22,11.98831272125244,21.88999938964844,22.059999465942383,21.280000686645508,21.950000762939453,2450600
2003-10-23,11.917120933532717,21.76000022888184,21.86000061035156,21.57999992370605,21.780000686645508,1035800
2003-10-24,11.960928916931152,21.84000015258789,21.959999084472656,21.3700008392334,21.3700008392334,1227200
2003-10-27,11.933550834655762,21.790000915527344,22.11000061035156,21.5,21.700000762939453,1611900
2003-10-28,12.10332489013672,22.100000381469727,22.100000381469727,21.81999969482422,22.0,901000
2003-10-29,11.977359771728516,21.8700008392334,22.06999969482422,21.780000686645508,22.06999969482422,877500
2003-10-30,12.032208442687988,21.940000534057617,22.100000381469727,21.75,21.950000762939453,873300
2003-10-31,11.95542812347412,21.799999237060547,22.0,21.68000030517578,21.850000381469727,1240700
2003-11-03,12.213179588317873,22.270000457763672,22.270000457763672,21.770000457763672,21.850000381469727,1474900
2003-11-04,12.328350067138672,22.479999542236328,22.6299991607666,22.15999984741211,22.270000457763672,1340900
2003-11-05,12.289957046508787,22.40999984741211,22.6200008392334,22.34000015258789,22.530000686645508,998900
2003-11-06,12.25156307220459,22.34000015258789,22.600000381469727,22.13999938964844,22.51000022888184,800500
2003-11-07,12.229636192321776,22.299999237060547,22.489999771118164,22.200000762939453,22.450000762939453,735300
2003-11-10,12.103503227233888,22.06999969482422,22.46999931335449,22.020000457763672,22.39999961853028,458600
2003-11-11,12.087047576904297,22.040000915527344,22.09000015258789,21.86000061035156,22.0,490700
2003-11-12,12.278993606567385,22.38999938964844,22.40999984741211,21.989999771118164,22.01000022888184,1071300
2003-11-13,12.273510932922363,22.3799991607666,22.56999969482422,22.030000686645508,22.3799991607666,602200
2003-11-14,12.169309616088867,22.190000534057617,22.5,22.09000015258789,22.450000762939453,872900
2003-11-17,11.971885681152344,21.82999992370605,22.200000762939453,21.690000534057617,22.200000762939453,757300
2003-11-18,11.72508716583252,21.3799991607666,21.920000076293945,21.31999969482422,21.76000022888184,739200
2003-11-19,11.708641052246094,21.350000381469727,21.440000534057617,20.8799991607666,21.32999992370605,1122500
2003-11-20,11.736066818237305,21.39999961853028,21.459999084472656,21.030000686645508,21.299999237060547,785700
2003-11-21,11.949942588806152,21.790000915527344,21.8700008392334,21.420000076293945,21.5,599200
2003-11-24,12.119952201843262,22.100000381469727,22.14999961853028,21.709999084472656,21.75,764600
2003-11-25,12.04865550994873,21.96999931335449,22.190000534057617,21.8700008392334,22.14999961853028,517800
2003-11-26,12.103503227233888,22.06999969482422,22.1200008392334,21.88999938964844,21.96999931335449,374400
2003-11-28,12.125431060791016,22.11000061035156,22.11000061035156,21.96999931335449,22.06999969482422,187200
2003-12-01,12.130924224853516,22.1200008392334,22.290000915527344,21.93000030517578,22.11000061035156,866400
2003-12-02,12.01027011871338,21.89999961853028,22.200000762939453,21.850000381469727,22.170000076293945,818000
2003-12-03,11.757997512817385,21.440000534057617,21.89999961853028,21.40999984741211,21.89999961853028,1180800
2003-12-04,11.692191123962402,21.31999969482422,21.63999938964844,21.200000762939453,21.540000915527344,912400
2003-12-05,11.450884819030762,20.8799991607666,21.309999465942383,20.81999969482422,21.25,775100
2003-12-08,11.061513900756836,20.170000076293945,20.90999984741211,20.07999992370605,20.799999237060547,2185700
2003-12-09,10.803754806518556,19.700000762939453,20.38999938964844,19.64999961853028,20.31999969482422,2266700
2003-12-10,10.765360832214355,19.6299991607666,19.780000686645508,19.520000457763672,19.549999237060547,2506600
2003-12-11,10.831181526184082,19.75,19.96999931335449,19.64999961853028,19.700000762939453,1880900
2003-12-12,10.87505054473877,19.82999992370605,19.950000762939453,19.739999771118164,19.89999961853028,1676800
2003-12-15,10.990220069885254,20.040000915527344,20.31999969482422,19.989999771118164,20.0,1712900
2003-12-16,10.907958030700684,19.88999938964844,20.200000762939453,19.6299991607666,20.09000015258789,1285800
2003-12-17,11.127320289611816,20.290000915527344,20.3799991607666,19.729999542236328,19.979999542236328,1560200
2003-12-18,11.330236434936523,20.65999984741211,20.65999984741211,20.25,20.25,1307300
2003-12-19,11.587986946105955,21.1299991607666,21.38999938964844,20.959999084472656,21.14999961853028,1957200
2003-12-22,11.417981147766112,20.81999969482422,21.1200008392334,20.59000015258789,21.100000381469727,1277900
2003-12-23,11.75251293182373,21.43000030517578,21.43000030517578,20.76000022888184,20.76000022888184,1142900
2003-12-24,11.653801918029783,21.25,21.290000915527344,21.13999938964844,21.25,366000
2003-12-26,11.637349128723145,21.21999931335449,21.3799991607666,21.170000076293945,21.299999237060547,165700
2003-12-29,11.67025089263916,21.280000686645508,21.38999938964844,21.11000061035156,21.21999931335449,650800
2003-12-30,11.697673797607422,21.32999992370605,21.39999961853028,21.190000534057617,21.280000686645508,665300
2003-12-31,11.67025089263916,21.280000686645508,21.440000534057617,21.18000030517578,21.299999237060547,475700
2004-01-02,11.527660369873049,21.020000457763672,21.549999237060547,20.920000076293945,21.479999542236328,647400
2004-01-05,11.72508716583252,21.3799991607666,21.479999542236328,20.8799991607666,21.170000076293945,1113000
2004-01-06,11.840258598327637,21.59000015258789,21.600000381469727,21.280000686645508,21.43000030517578,924000
2004-01-07,11.785417556762695,21.489999771118164,21.57999992370605,21.25,21.549999237060547,917500
2004-01-08,11.53314971923828,21.030000686645508,21.690000534057617,21.030000686645508,21.530000686645508,975800
2004-01-09,11.516695022583008,21.0,21.239999771118164,20.959999084472656,21.030000686645508,628000
2004-01-12,11.489276885986328,20.950000762939453,21.07999992370605,20.76000022888184,20.90999984741211,808200
2004-01-13,11.642830848693848,21.229999542236328,21.36000061035156,21.049999237060547,21.06999969482422,843000
2004-01-14,11.763477325439451,21.450000762939453,21.65999984741211,21.34000015258789,21.3799991607666,958000
2004-01-15,11.829291343688965,21.56999969482422,21.75,21.3700008392334,21.440000534057617,441700
2004-01-16,11.949942588806152,21.790000915527344,22.030000686645508,21.64999961853028,21.700000762939453,704700
2004-01-20,11.653801918029783,21.25,21.790000915527344,21.25,21.780000686645508,543800
2004-01-21,11.796384811401367,21.51000022888184,21.600000381469727,21.190000534057617,21.229999542236328,1201100
2004-01-22,11.730575561523438,21.38999938964844,21.76000022888184,21.299999237060547,21.61000061035156,554700
2004-01-23,11.736066818237305,21.39999961853028,21.530000686645508,21.209999084472656,21.530000686645508,960800
2004-01-26,11.52218246459961,21.01000022888184,21.3799991607666,20.90999984741211,21.280000686645508,1195200
2004-01-27,11.346686363220217,20.690000534057617,20.81999969482422,20.520000457763672,20.600000381469727,1034000
2004-01-28,11.066997528076172,20.18000030517578,20.850000381469727,20.170000076293945,20.76000022888184,851900
2004-01-29,10.929686546325684,19.89999961853028,20.200000762939453,19.709999084472656,20.14999961853028,1315300
2004-01-30,10.847307205200195,19.75,19.89999961853028,19.63999938964844,19.89999961853028,1311400
2004-02-02,10.891241073608398,19.82999992370605,20.06999969482422,19.75,19.75,1492200
2004-02-03,10.880256652832031,19.809999465942383,19.959999084472656,19.729999542236328,19.82999992370605,890500
2004-02-04,10.709991455078123,19.5,19.68000030517578,19.3799991607666,19.600000381469727,1058900
2004-02-05,11.02305793762207,20.06999969482422,20.25,19.489999771118164,19.549999237060547,1183300
2004-02-06,11.36357879638672,20.690000534057617,20.690000534057617,19.8799991607666,19.96999931335449,1279200
2004-02-09,11.402027130126951,20.76000022888184,21.040000915527344,20.209999084472656,20.950000762939453,1818500
2004-02-10,11.445965766906738,20.84000015258789,21.030000686645508,20.76000022888184,20.809999465942383,1515200
2004-02-11,11.753538131713867,21.39999961853028,21.549999237060547,20.63999938964844,20.84000015258789,1927400
2004-02-12,11.923791885375977,21.709999084472656,21.88999938964844,21.229999542236328,21.46999931335449,1399200
2004-02-13,11.984212875366213,21.81999969482422,21.89999961853028,21.549999237060547,21.75,840100
2004-02-17,11.956748962402344,21.770000457763672,22.11000061035156,21.75,21.88999938964844,1199600
2004-02-18,11.97322940826416,21.799999237060547,22.059999465942383,21.6200008392334,21.770000457763672,1421300
2004-02-19,11.984212875366213,21.81999969482422,22.11000061035156,21.76000022888184,22.049999237060547,996600
2004-02-20,11.912814140319824,21.690000534057617,21.81999969482422,21.3799991607666,21.81999969482422,1019200
2004-02-23,11.813949584960938,21.51000022888184,21.780000686645508,21.46999931335449,21.6299991607666,879400
2004-02-24,11.87985897064209,21.6299991607666,21.71999931335449,21.25,21.57999992370605,830900
2004-02-25,11.846905708312988,21.56999969482422,21.84000015258789,21.440000534057617,21.63999938964844,1639200
2004-02-26,11.846905708312988,21.56999969482422,21.68000030517578,21.25,21.489999771118164,928900
2004-02-27,12.011670112609863,21.8700008392334,21.989999771118164,21.520000457763672,21.71999931335449,564100
2004-03-01,12.176438331604004,22.170000076293945,22.34000015258789,21.84000015258789,21.84000015258789,1002300
2004-03-02,12.220375061035156,22.25,22.450000762939453,22.1299991607666,22.239999771118164,727800
2004-03-03,12.357687950134276,22.5,22.6200008392334,22.200000762939453,22.299999237060547,977400
2004-03-04,12.313745498657228,22.420000076293945,22.51000022888184,22.100000381469727,22.43000030517578,504000
2004-03-05,12.396127700805664,22.56999969482422,22.68000030517578,22.239999771118164,22.350000381469727,1693000
2004-03-08,12.555408477783203,22.86000061035156,22.979999542236328,22.61000061035156,22.63999938964844,1415100
2004-03-09,12.264323234558104,22.32999992370605,22.799999237060547,22.270000457763672,22.71999931335449,1636500
2004-03-10,12.066596031188965,21.96999931335449,22.350000381469727,21.96999931335449,22.14999961853028,985300
2004-03-11,11.748040199279783,21.38999938964844,21.8700008392334,21.350000381469727,21.8700008392334,871300
2004-03-12,11.94027328491211,21.739999771118164,21.8799991607666,21.46999931335449,21.59000015258789,452900
2004-03-15,11.808456420898438,21.5,21.739999771118164,21.420000076293945,21.739999771118164,629800
2004-03-16,12.061101913452148,21.959999084472656,22.1200008392334,21.670000076293945,21.700000762939453,1036600
2004-03-17,12.099547386169434,22.030000686645508,22.06999969482422,21.93000030517578,21.959999084472656,471100
2004-03-18,12.077580451965332,21.989999771118164,22.020000457763672,21.6200008392334,21.93000030517578,383200
2004-03-19,12.198410987854004,22.209999084472656,22.36000061035156,21.920000076293945,21.989999771118164,842300
2004-03-22,11.83042812347412,21.540000915527344,22.049999237060547,21.309999465942383,22.0,1262400
2004-03-23,11.802963256835938,21.489999771118164,21.670000076293945,21.309999465942383,21.59000015258789,1306000
2004-03-24,11.60523796081543,21.1299991607666,21.68000030517578,21.049999237060547,21.59000015258789,1346300
2004-03-25,11.731569290161133,21.36000061035156,21.420000076293945,21.059999465942383,21.1299991607666,1129400
2004-03-26,11.665657043457031,21.239999771118164,21.540000915527344,21.239999771118164,21.43000030517578,560800
2004-03-29,11.753538131713867,21.39999961853028,21.5,21.32999992370605,21.350000381469727,884400
2004-03-30,11.753538131713867,21.39999961853028,21.5,21.31999969482422,21.40999984741211,851200
2004-03-31,11.945762634277344,21.75,21.809999465942383,21.350000381469727,21.489999771118164,1133800
2004-04-01,12.225876808166504,22.26000022888184,22.34000015258789,21.65999984741211,21.700000762939453,1145200
2004-04-02,12.45655345916748,22.68000030517578,22.68000030517578,22.299999237060547,22.38999938964844,907400
2004-04-05,12.57188320159912,22.88999938964844,22.920000076293945,22.540000915527344,22.540000915527344,567300
2004-04-06,12.81354522705078,23.32999992370605,23.32999992370605,22.81999969482422,22.940000534057617,1949500
2004-04-07,12.577383995056152,22.89999961853028,23.25,22.850000381469727,23.239999771118164,632900
2004-04-08,12.423599243164062,22.6200008392334,23.07999992370605,22.530000686645508,23.030000686645508,734000
2004-04-12,12.412611961364746,22.600000381469727,22.8700008392334,22.5,22.770000457763672,548100
2004-04-13,12.28079319000244,22.36000061035156,22.63999938964844,22.290000915527344,22.549999237060547,639200
2004-04-14,12.264323234558104,22.32999992370605,22.39999961853028,22.209999084472656,22.299999237060547,309400
2004-04-15,12.203901290893556,22.21999931335449,22.350000381469727,22.100000381469727,22.32999992370605,363900
2004-04-16,12.011670112609863,21.8700008392334,22.15999984741211,21.81999969482422,22.14999961853028,905500
2004-04-19,11.533842086791992,21.0,21.850000381469727,20.57999992370605,21.850000381469727,2855400
2004-04-20,11.121917724609377,20.25,20.75,20.14999961853028,20.75,1958500
2004-04-21,11.3416109085083,20.64999961853028,20.690000534057617,20.299999237060547,20.299999237060547,1129300
2004-04-22,11.473426818847656,20.88999938964844,21.059999465942383,20.71999931335449,20.71999931335449,946100
2004-04-23,11.369074821472168,20.700000762939453,20.88999938964844,20.520000457763672,20.88999938964844,616400
2004-04-26,11.09994888305664,20.209999084472656,20.65999984741211,20.09000015258789,20.64999961853028,1728500
2004-04-27,10.9571533203125,19.950000762939453,20.209999084472656,19.920000076293945,20.200000762939453,1854400
2004-04-28,10.660557746887209,19.40999984741211,19.979999542236328,19.36000061035156,19.959999084472656,2084500
2004-04-29,10.566905975341797,19.18000030517578,19.5,19.100000381469727,19.350000381469727,1962900
2004-04-30,10.407133102416992,18.88999938964844,19.38999938964844,18.88999938964844,19.3700008392334,1612500
2004-05-03,10.522834777832031,19.100000381469727,19.229999542236328,18.920000076293945,18.96999931335449,1196300
2004-05-04,10.43467903137207,18.940000534057617,19.239999771118164,18.8799991607666,19.14999961853028,769200
2004-05-05,10.445700645446776,18.959999084472656,19.13999938964844,18.84000015258789,18.959999084472656,965000
2004-05-06,10.379587173461914,18.84000015258789,18.96999931335449,18.739999771118164,18.780000686645508,836900
2004-05-07,10.192269325256348,18.5,18.940000534057617,18.440000534057617,18.790000915527344,641000
2004-05-10,10.14268970489502,18.40999984741211,18.51000022888184,18.200000762939453,18.350000381469727,803300
2004-05-11,9.872732162475586,17.920000076293945,18.549999237060547,17.770000457763672,18.450000762939453,1546200
2004-05-12,9.834163665771484,17.850000381469727,18.09000015258789,17.520000457763672,17.920000076293945,1874000
2004-05-13,9.905784606933594,17.979999542236328,18.09000015258789,17.600000381469727,17.700000762939453,1163700
2004-05-14,9.751526832580566,17.700000762939453,18.31999969482422,17.65999984741211,18.030000686645508,930500
2004-05-17,9.668880462646484,17.549999237060547,17.549999237060547,17.149999618530273,17.399999618530273,1320600
2004-05-18,9.955365180969238,18.06999969482422,18.200000762939453,17.690000534057617,17.700000762939453,1142100
2004-05-19,10.274909973144531,18.64999961853028,18.65999984741211,18.190000534057617,18.31999969482422,1865400
2004-05-20,10.153705596923828,18.43000030517578,18.739999771118164,18.40999984741211,18.64999961853028,868200
2004-05-21,10.48977756500244,19.040000915527344,19.040000915527344,18.540000915527344,18.600000381469727,1460600
2004-05-24,10.638527870178224,19.309999465942383,19.39999961853028,18.96999931335449,19.25,1111000
2004-05-25,10.660561561584473,19.350000381469727,19.3799991607666,19.06999969482422,19.299999237060547,875900
2004-05-26,10.715660095214844,19.450000762939453,19.46999931335449,19.100000381469727,19.350000381469727,1112200
2004-05-27,10.77074909210205,19.549999237060547,19.600000381469727,19.46999931335449,19.59000015258789,1101900
2004-05-28,10.831353187561035,19.65999984741211,19.8700008392334,19.559999465942383,19.59000015258789,2052300
2004-06-01,10.825840950012209,19.64999961853028,19.700000762939453,19.43000030517578,19.68000030517578,554200
2004-06-02,10.80381202697754,19.61000061035156,19.700000762939453,19.450000762939453,19.68000030517578,486500
2004-06-03,10.456714630126951,18.979999542236328,19.540000915527344,18.940000534057617,19.5,1406600
2004-06-04,10.522834777832031,19.100000381469727,19.32999992370605,19.0,19.21999931335449,575600
2004-06-07,10.633021354675291,19.299999237060547,19.31999969482422,19.14999961853028,19.14999961853028,1047800
2004-06-08,10.715660095214844,19.450000762939453,19.5,19.200000762939453,19.350000381469727,1083600
2004-06-09,10.660561561584473,19.350000381469727,19.600000381469727,19.31999969482422,19.450000762939453,1263500
2004-06-10,10.506304740905762,19.06999969482422,19.530000686645508,19.01000022888184,19.530000686645508,1166700
2004-06-14,10.605475425720217,19.25,19.270000457763672,19.020000457763672,19.09000015258789,983600
2004-06-15,10.566905975341797,19.18000030517578,19.40999984741211,19.1299991607666,19.31999969482422,774700
2004-06-16,10.528340339660645,19.11000061035156,19.280000686645508,19.040000915527344,19.190000534057617,783900
2004-06-17,10.511815071105955,19.07999992370605,19.1299991607666,18.959999084472656,19.049999237060547,937900
2004-06-18,10.440193176269531,18.950000762939453,19.1200008392334,18.950000762939453,18.979999542236328,505400
2004-06-21,10.313477516174316,18.71999931335449,19.01000022888184,18.71999931335449,18.950000762939453,808800
2004-06-22,10.285930633544922,18.670000076293945,18.780000686645508,18.540000915527344,18.76000022888184,1367700
2004-06-23,10.517321586608888,19.09000015258789,19.1299991607666,18.71999931335449,18.71999931335449,1170500
2004-06-24,10.577926635742188,19.200000762939453,19.229999542236328,19.049999237060547,19.11000061035156,752400
2004-06-25,10.660561561584473,19.350000381469727,19.530000686645508,19.18000030517578,19.21999931335449,666100
2004-06-28,10.627509117126465,19.290000915527344,19.63999938964844,19.290000915527344,19.3799991607666,459100
2004-06-29,10.346532821655272,18.780000686645508,19.239999771118164,18.700000762939453,19.229999542236328,997700
2004-06-30,10.467737197875977,19.0,19.059999465942383,18.790000915527344,18.799999237060547,1102400
2004-07-01,10.407133102416992,18.88999938964844,19.0,18.709999084472656,18.8700008392334,1391000
2004-07-02,10.31898307800293,18.729999542236328,18.88999938964844,18.64999961853028,18.88999938964844,730900
2004-07-06,10.18676471710205,18.489999771118164,18.700000762939453,18.459999084472656,18.690000534057617,559300
2004-07-07,10.08208465576172,18.299999237060547,18.530000686645508,18.15999984741211,18.5,1597100
2004-07-08,10.060043334960938,18.26000022888184,18.299999237060547,18.13999938964844,18.200000762939453,827800
2004-07-09,9.905784606933594,17.979999542236328,18.440000534057617,17.979999542236328,18.299999237060547,1515700
2004-07-12,9.894767761230469,17.959999084472656,18.020000457763672,17.940000534057617,18.020000457763672,1362300
2004-07-13,10.01597023010254,18.18000030517578,18.200000762939453,17.75,17.969999313354492,925900
2004-07-14,9.894767761230469,17.959999084472656,18.309999465942383,17.90999984741211,18.190000534057617,894600
2004-07-15,9.9168062210083,18.0,18.100000381469727,17.8799991607666,17.950000762939453,1444200
2004-07-16,9.894767761230469,17.959999084472656,18.100000381469727,17.399999618530273,17.75,3444100
2004-07-19,9.900278091430664,17.969999313354492,17.979999542236328,17.770000457763672,17.799999237060547,1826600
2004-07-20,9.938843727111816,18.040000915527344,18.09000015258789,17.84000015258789,17.920000076293945,1611100
2004-07-21,10.08208465576172,18.299999237060547,18.530000686645508,18.09000015258789,18.09000015258789,982400
2004-07-22,9.982914924621582,18.1200008392334,18.309999465942383,17.899999618530273,18.299999237060547,981000
2004-07-23,9.894767761230469,17.959999084472656,18.209999084472656,17.920000076293945,18.1200008392334,1358700
2004-07-26,9.889253616333008,17.950000762939453,18.040000915527344,17.90999984741211,17.950000762939453,1509700
2004-07-27,10.14268970489502,18.40999984741211,18.450000762939453,17.93000030517578,17.950000762939453,988100
2004-07-28,10.11514377593994,18.36000061035156,18.39999961853028,17.950000762939453,18.32999992370605,958100
2004-07-29,10.087505340576172,18.25,18.479999542236328,18.15999984741211,18.450000762939453,530800
2004-07-30,10.043285369873049,18.170000076293945,18.350000381469727,18.07999992370605,18.280000686645508,482600
2004-08-02,9.9824857711792,18.059999465942383,18.18000030517578,17.950000762939453,18.18000030517578,999600
2004-08-03,9.827720642089844,17.780000686645508,18.059999465942383,17.780000686645508,18.059999465942383,733300
2004-08-04,9.80008029937744,17.729999542236328,17.809999465942383,17.559999465942383,17.739999771118164,1222600
2004-08-05,9.766915321350098,17.670000076293945,17.770000457763672,17.59000015258789,17.770000457763672,1312500
2004-08-06,9.733752250671388,17.610000610351562,17.670000076293945,17.5,17.520000457763672,1271400
2004-08-09,9.689533233642578,17.530000686645508,17.719999313354492,17.469999313354492,17.559999465942383,878000
2004-08-10,9.739275932312012,17.6200008392334,17.6299991607666,17.420000076293945,17.489999771118164,1153600
2004-08-11,9.816659927368164,17.760000228881836,17.760000228881836,17.5,17.6200008392334,697200
2004-08-12,9.739275932312012,17.6200008392334,17.729999542236328,17.510000228881836,17.719999313354492,904100
2004-08-13,9.744806289672852,17.6299991607666,17.670000076293945,17.530000686645508,17.610000610351562,1174500
2004-08-16,9.728224754333496,17.600000381469727,17.649999618530273,16.979999542236328,17.200000762939453,1795500
2004-08-17,9.811132431030272,17.75,17.770000457763672,17.579999923706055,17.68000030517578,1195800
2004-08-18,9.92168140411377,17.950000762939453,17.950000762939453,17.770000457763672,17.780000686645508,823300
2004-08-19,9.866405487060549,17.850000381469727,17.850000381469727,17.3799991607666,17.5,1944800
2004-08-20,9.882986068725586,17.8799991607666,18.049999237060547,17.709999084472656,17.799999237060547,1439800
2004-08-23,9.971428871154783,18.040000915527344,18.09000015258789,17.850000381469727,17.8799991607666,905900
2004-08-24,10.076446533203123,18.229999542236328,18.309999465942383,18.1299991607666,18.1299991607666,1088200
2004-08-25,10.209108352661133,18.46999931335449,18.540000915527344,18.030000686645508,18.190000534057617,1136800
2004-08-26,10.24779987335205,18.540000915527344,18.57999992370605,18.40999984741211,18.46999931335449,538400
2004-08-27,10.236745834350586,18.520000457763672,18.57999992370605,18.5,18.549999237060547,418500
2004-08-30,10.203577995300291,18.459999084472656,18.540000915527344,18.38999938964844,18.450000762939453,435800
2004-08-31,10.242267608642578,18.530000686645508,18.59000015258789,18.38999938964844,18.38999938964844,456800
2004-09-01,10.18147087097168,18.420000076293945,18.64999961853028,18.34000015258789,18.540000915527344,568800
2004-09-02,10.413616180419922,18.84000015258789,18.86000061035156,18.43000030517578,18.459999084472656,654800
2004-09-03,10.468890190124512,18.940000534057617,18.989999771118164,18.84000015258789,18.84000015258789,676500
2004-09-07,10.479947090148926,18.959999084472656,19.15999984741211,18.86000061035156,18.940000534057617,516000
2004-09-08,10.347294807434082,18.71999931335449,19.01000022888184,18.709999084472656,19.0,933100
2004-09-09,10.264378547668455,18.56999969482422,18.81999969482422,18.46999931335449,18.71999931335449,743800
2004-09-10,10.457840919494627,18.920000076293945,18.93000030517578,18.549999237060547,18.57999992370605,462100
2004-09-13,10.40809440612793,18.82999992370605,19.01000022888184,18.729999542236328,18.920000076293945,599000
2004-09-14,10.220163345336914,18.489999771118164,18.82999992370605,17.809999465942383,18.82999992370605,491800
2004-09-15,10.148308753967283,18.36000061035156,18.549999237060547,18.25,18.520000457763672,643200
2004-09-16,10.18147087097168,18.420000076293945,18.5,18.3799991607666,18.440000534057617,321400
2004-09-17,10.170414924621582,18.39999961853028,18.600000381469727,18.39999961853028,18.479999542236328,728600
2004-09-20,10.11514377593994,18.299999237060547,18.420000076293945,17.979999542236328,18.40999984741211,640200
2004-09-21,10.341761589050291,18.709999084472656,18.729999542236328,18.270000457763672,18.350000381469727,712200
2004-09-22,10.148308753967283,18.36000061035156,18.64999961853028,18.350000381469727,18.61000061035156,890100
2004-09-23,10.1206693649292,18.309999465942383,18.3799991607666,18.059999465942383,18.270000457763672,813900
2004-09-24,10.070921897888184,18.21999931335449,18.3799991607666,18.100000381469727,18.31999969482422,577600
2004-09-27,10.18147087097168,18.420000076293945,18.420000076293945,18.13999938964844,18.21999931335449,441900
2004-09-28,10.087505340576172,18.25,18.520000457763672,18.100000381469727,18.520000457763672,465900
2004-09-29,10.319656372070312,18.670000076293945,18.700000762939453,18.21999931335449,18.239999771118164,1151100
2004-09-30,10.391511917114258,18.799999237060547,18.84000015258789,18.56999969482422,18.68000030517578,820400
2004-10-01,10.48547649383545,18.96999931335449,18.96999931335449,18.709999084472656,18.84000015258789,1399900
2004-10-04,10.568389892578123,19.1200008392334,19.39999961853028,19.0,19.100000381469727,682800
2004-10-05,10.39704132080078,18.809999465942383,19.209999084472656,18.770000457763672,19.1200008392334,676500
2004-10-06,10.513108253479004,19.020000457763672,19.020000457763672,18.780000686645508,18.84000015258789,443400
2004-10-07,10.452312469482422,18.90999984741211,19.01000022888184,18.780000686645508,19.01000022888184,270400
2004-10-08,10.363873481750488,18.75,18.959999084472656,18.71999931335449,18.89999961853028,653800
2004-10-11,10.40809440612793,18.82999992370605,18.96999931335449,18.71999931335449,18.850000381469727,622000
2004-10-12,10.18147087097168,18.420000076293945,18.82999992370605,18.39999961853028,18.82999992370605,935400
2004-10-13,10.098559379577637,18.270000457763672,18.57999992370605,18.14999961853028,18.420000076293945,541300
2004-10-14,10.209108352661133,18.46999931335449,18.51000022888184,18.07999992370605,18.229999542236328,692000
2004-10-15,10.203577995300291,18.459999084472656,18.6200008392334,18.3799991607666,18.440000534057617,722600
2004-10-18,9.540294647216797,17.260000228881836,18.010000228881836,17.100000381469727,18.0,4480400
2004-10-19,9.424211502075195,17.049999237060547,17.299999237060547,16.899999618530273,17.0,1922800
2004-10-20,9.39657974243164,17.0,17.079999923706055,16.940000534057617,17.049999237060547,1219600
2004-10-21,9.562400817871094,17.299999237060547,17.360000610351562,17.030000686645508,17.030000686645508,1228000
2004-10-22,9.61767292022705,17.399999618530273,17.469999313354492,17.260000228881836,17.350000381469727,948700
2004-10-25,9.540294647216797,17.260000228881836,17.3700008392334,17.190000534057617,17.290000915527344,319900
2004-10-26,9.551347732543944,17.280000686645508,17.34000015258789,17.1200008392334,17.18000030517578,1074700
2004-10-27,9.656363487243652,17.469999313354492,17.489999771118164,17.139999389648438,17.239999771118164,1424600
2004-10-28,9.833858489990234,17.729999542236328,17.8799991607666,17.25,17.40999984741211,2417600
2004-10-29,9.81166934967041,17.690000534057617,17.760000228881836,17.479999542236328,17.649999618530273,1508900
2004-11-01,9.955872535705566,17.950000762939453,17.950000762939453,17.59000015258789,17.719999313354492,2036800
2004-11-02,10.033527374267578,18.09000015258789,18.309999465942383,17.920000076293945,17.920000076293945,465000
2004-11-03,10.227652549743652,18.440000534057617,18.440000534057617,18.11000061035156,18.190000534057617,1231000
2004-11-04,10.177733421325684,18.350000381469727,18.39999961853028,18.21999931335449,18.3700008392334,430800
2004-11-05,10.260931968688965,18.5,18.59000015258789,18.40999984741211,18.459999084472656,430700
2004-11-08,10.266477584838867,18.51000022888184,18.540000915527344,18.34000015258789,18.530000686645508,808100
2004-11-09,10.27202606201172,18.520000457763672,18.559999465942383,18.299999237060547,18.459999084472656,652500
2004-11-10,10.138907432556152,18.280000686645508,18.57999992370605,18.25,18.559999465942383,694000
2004-11-11,10.371859550476074,18.700000762939453,18.700000762939453,18.239999771118164,18.3799991607666,579200
2004-11-12,10.538249969482422,19.0,19.1200008392334,18.65999984741211,18.739999771118164,525000
2004-11-15,10.45505428314209,18.850000381469727,19.049999237060547,18.82999992370605,19.01000022888184,474900
2004-11-16,10.632543563842772,19.170000076293945,19.25,18.790000915527344,18.8799991607666,605000
2004-11-17,10.510519981384276,18.950000762939453,19.25,18.850000381469727,19.170000076293945,496600
2004-11-18,10.643633842468262,19.190000534057617,19.190000534057617,18.920000076293945,18.950000762939453,501400
2004-11-19,10.460601806640623,18.86000061035156,19.18000030517578,18.64999961853028,19.18000030517578,422100
2004-11-22,10.438419342041016,18.81999969482422,18.86000061035156,18.530000686645508,18.86000061035156,390500
2004-11-23,10.482789993286133,18.89999961853028,18.90999984741211,18.770000457763672,18.81999969482422,334500
2004-11-24,10.532708168029783,18.989999771118164,19.040000915527344,18.850000381469727,18.86000061035156,332500
2004-11-26,10.5271577835083,18.979999542236328,19.030000686645508,18.940000534057617,19.030000686645508,281400
2004-11-29,10.48833179473877,18.90999984741211,19.09000015258789,18.89999961853028,18.979999542236328,496700
2004-11-30,10.554892539978027,19.030000686645508,19.200000762939453,18.75,18.90999984741211,1136600
2004-12-01,10.882129669189451,19.6200008392334,19.6200008392334,18.979999542236328,19.020000457763672,805400
2004-12-02,10.732378959655762,19.350000381469727,19.56999969482422,19.34000015258789,19.56999969482422,561800
2004-12-03,10.57153034210205,19.059999465942383,19.38999938964844,19.030000686645508,19.34000015258789,1144600
2004-12-06,10.161093711853027,18.31999969482422,19.049999237060547,18.309999465942383,18.989999771118164,1915500
2004-12-07,10.15554904937744,18.309999465942383,18.600000381469727,18.14999961853028,18.31999969482422,1173100
2004-12-08,10.122267723083496,18.25,18.3799991607666,18.1299991607666,18.25,824100
2004-12-09,10.066804885864258,18.14999961853028,18.350000381469727,18.1200008392334,18.170000076293945,802800
2004-12-10,9.966967582702637,17.969999313354492,18.530000686645508,17.719999313354492,18.530000686645508,1388400
2004-12-13,10.222105979919434,18.43000030517578,18.450000762939453,18.11000061035156,18.14999961853028,480000
2004-12-14,10.41623306274414,18.780000686645508,18.809999465942383,18.34000015258789,18.34000015258789,842800
2004-12-15,10.410684585571287,18.770000457763672,18.88999938964844,18.6200008392334,18.700000762939453,353700
2004-12-16,10.405136108398438,18.76000022888184,18.89999961853028,18.559999465942383,18.700000762939453,521200
2004-12-17,10.21101188659668,18.40999984741211,18.530000686645508,18.25,18.450000762939453,974900
2004-12-20,10.371859550476074,18.700000762939453,18.86000061035156,18.459999084472656,18.459999084472656,529400
2004-12-21,10.538249969482422,19.0,19.200000762939453,18.75,18.770000457763672,676900
2004-12-22,10.516066551208496,18.959999084472656,19.100000381469727,18.8700008392334,19.0,509400
2004-12-23,10.643633842468262,19.190000534057617,19.25,18.84000015258789,18.90999984741211,375300
2004-12-27,10.660274505615234,19.21999931335449,19.38999938964844,19.11000061035156,19.200000762939453,325500
2004-12-28,10.92650318145752,19.700000762939453,19.76000022888184,19.25,19.25,739700
2004-12-29,10.798937797546388,19.46999931335449,19.64999961853028,19.46999931335449,19.64999961853028,465400
2004-12-30,10.804482460021973,19.479999542236328,19.600000381469727,19.3799991607666,19.5,517100
2004-12-31,10.749016761779783,19.3799991607666,19.670000076293945,19.3799991607666,19.5,282200
2005-01-03,10.59371566772461,19.100000381469727,19.46999931335449,19.049999237060547,19.38999938964844,1080400
2005-01-04,10.565984725952148,19.049999237060547,19.170000076293945,18.950000762939453,19.100000381469727,960400
2005-01-05,10.482789993286133,18.89999961853028,19.100000381469727,18.850000381469727,18.979999542236328,466200
2005-01-06,10.49388313293457,18.920000076293945,18.959999084472656,18.76000022888184,18.89999961853028,503400
2005-01-07,10.316394805908203,18.600000381469727,18.90999984741211,18.59000015258789,18.90999984741211,491100
2005-01-10,10.344122886657717,18.64999961853028,18.850000381469727,18.520000457763672,18.530000686645508,342100
2005-01-11,10.355220794677734,18.670000076293945,18.739999771118164,18.6200008392334,18.64999961853028,250000
2005-01-12,10.57153034210205,19.059999465942383,19.09000015258789,18.11000061035156,18.450000762939453,1201200
2005-01-13,10.29421043395996,18.559999465942383,18.979999542236328,18.530000686645508,18.96999931335449,1558700
2005-01-14,10.34967041015625,18.65999984741211,18.690000534057617,18.530000686645508,18.549999237060547,747500
2005-01-18,10.504972457885742,18.940000534057617,19.170000076293945,18.5,18.5,727500
2005-01-19,10.48833179473877,18.90999984741211,18.979999542236328,18.75,18.89999961853028,586200
2005-01-20,10.782293319702148,19.440000534057617,19.6200008392334,19.21999931335449,19.350000381469727,1817300
2005-01-21,10.843302726745604,19.549999237060547,19.59000015258789,19.34000015258789,19.3700008392334,960900
2005-01-24,10.54379940032959,19.01000022888184,19.71999931335449,19.01000022888184,19.559999465942383,859700
2005-01-25,10.66582202911377,19.229999542236328,19.26000022888184,19.100000381469727,19.1200008392334,1064700
2005-01-26,10.6159029006958,19.13999938964844,19.34000015258789,18.979999542236328,19.229999542236328,823100
2005-01-27,10.5271577835083,18.979999542236328,19.18000030517578,18.93000030517578,19.13999938964844,1117000
2005-01-28,10.4603910446167,18.799999237060547,18.979999542236328,18.75,18.979999542236328,575400
2005-01-31,10.905515670776367,19.600000381469727,19.600000381469727,18.96999931335449,19.0,1742000
2005-02-01,11.172589302062988,20.07999992370605,20.13999938964844,19.39999961853028,19.600000381469727,1770100
2005-02-02,11.461919784545898,20.600000381469727,20.700000762939453,20.049999237060547,20.049999237060547,1449700
2005-02-03,11.27830410003662,20.270000457763672,20.559999465942383,20.15999984741211,20.5,1528600
2005-02-04,11.350637435913086,20.39999961853028,20.530000686645508,20.200000762939453,20.299999237060547,917200
2005-02-07,11.128074645996094,20.0,20.25,19.799999237060547,19.89999961853028,1400700
2005-02-08,11.567635536193848,20.790000915527344,20.950000762939453,19.90999984741211,20.049999237060547,1322500
2005-02-09,11.250483512878418,20.21999931335449,20.89999961853028,20.21999931335449,20.84000015258789,725100
2005-02-10,11.29499626159668,20.299999237060547,20.34000015258789,20.100000381469727,20.21999931335449,823100
2005-02-11,11.29499626159668,20.299999237060547,20.420000076293945,20.229999542236328,20.3799991607666,1283400
2005-02-14,11.211535453796388,20.14999961853028,20.25,20.049999237060547,20.25,486800
2005-02-15,11.261615753173828,20.239999771118164,20.270000457763672,20.049999237060547,20.049999237060547,548500
2005-02-16,11.150336265563965,20.040000915527344,20.309999465942383,19.959999084472656,20.190000534057617,733200
2005-02-17,11.128074645996094,20.0,20.200000762939453,20.0,20.0,1312900
2005-02-18,11.289436340332031,20.290000915527344,20.420000076293945,20.14999961853028,20.200000762939453,1636400
2005-02-22,11.03905200958252,19.84000015258789,20.450000762939453,19.809999465942383,20.13999938964844,913400
2005-02-23,11.29499626159668,20.299999237060547,20.32999992370605,19.75,19.809999465942383,1047500
2005-02-24,11.40627670288086,20.5,20.520000457763672,20.170000076293945,20.309999465942383,659300
2005-02-25,11.645529747009276,20.93000030517578,20.93000030517578,20.46999931335449,20.5,894400
2005-02-28,11.751248359680176,21.1200008392334,21.239999771118164,20.86000061035156,20.93000030517578,1324000
2005-03-01,11.723424911499023,21.06999969482422,21.5,20.989999771118164,21.020000457763672,1153500
2005-03-02,11.567635536193848,20.790000915527344,21.170000076293945,20.75,20.96999931335449,2439400
2005-03-03,11.473042488098145,20.6200008392334,20.799999237060547,20.520000457763672,20.799999237060547,598800
2005-03-04,11.562070846557615,20.780000686645508,20.920000076293945,20.670000076293945,20.81999969482422,504800
2005-03-07,11.684483528137209,21.0,21.01000022888184,20.75,20.84000015258789,440300
2005-03-08,11.662222862243652,20.959999084472656,21.059999465942383,20.82999992370605,20.989999771118164,639800
2005-03-09,11.461919784545898,20.600000381469727,20.920000076293945,20.57999992370605,20.86000061035156,764800
2005-03-10,11.539814949035645,20.739999771118164,20.84000015258789,20.549999237060547,20.61000061035156,547300
2005-03-11,11.573202133178713,20.799999237060547,20.950000762939453,20.700000762939453,20.84000015258789,415100
2005-03-14,11.690046310424805,21.01000022888184,21.040000915527344,20.75,20.809999465942383,619600
2005-03-15,11.662222862243652,20.959999084472656,21.14999961853028,20.81999969482422,21.01000022888184,1279400
2005-03-16,11.473042488098145,20.6200008392334,20.920000076293945,20.540000915527344,20.8700008392334,976300
2005-03-17,11.461919784545898,20.600000381469727,20.770000457763672,20.420000076293945,20.729999542236328,2262200
2005-03-18,11.417405128479004,20.520000457763672,20.61000061035156,20.43000030517578,20.61000061035156,1637500
2005-03-21,11.47861099243164,20.6299991607666,20.780000686645508,20.51000022888184,20.540000915527344,777100
2005-03-22,11.239356994628906,20.200000762939453,20.799999237060547,20.200000762939453,20.57999992370605,2265700
2005-03-23,11.44522762298584,20.56999969482422,20.700000762939453,20.209999084472656,20.209999084472656,1424200
2005-03-24,11.523122787475586,20.709999084472656,20.76000022888184,20.600000381469727,20.71999931335449,1826500
2005-03-28,11.41184902191162,20.51000022888184,21.0,20.51000022888184,20.86000061035156,863800
2005-03-29,11.267170906066896,20.25,20.700000762939453,20.229999542236328,20.51000022888184,880600
2005-03-30,11.43410301208496,20.549999237060547,20.6299991607666,20.350000381469727,20.350000381469727,573000
2005-03-31,11.378458023071287,20.450000762939453,20.600000381469727,20.43000030517578,20.56999969482422,649700
2005-04-01,11.350637435913086,20.39999961853028,20.809999465942383,20.270000457763672,20.549999237060547,1067000
2005-04-04,11.250483512878418,20.21999931335449,20.46999931335449,20.13999938964844,20.31999969482422,514000
2005-04-05,11.333939552307127,20.3700008392334,20.549999237060547,20.18000030517578,20.31999969482422,746000
2005-04-06,11.311688423156738,20.32999992370605,20.51000022888184,20.26000022888184,20.3799991607666,653300
2005-04-07,11.250483512878418,20.21999931335449,20.3700008392334,20.030000686645508,20.239999771118164,1171800
2005-04-08,11.311688423156738,20.32999992370605,20.459999084472656,20.200000762939453,20.3700008392334,524500
2005-04-11,11.289436340332031,20.290000915527344,20.3799991607666,19.979999542236328,20.270000457763672,618800
2005-04-12,11.400712966918944,20.489999771118164,20.549999237060547,20.11000061035156,20.239999771118164,318300
2005-04-13,11.128074645996094,20.0,20.57999992370605,19.940000534057617,20.5,1292900
2005-04-14,10.86656665802002,19.530000686645508,20.0,19.440000534057617,20.0,1093100
2005-04-15,10.733030319213867,19.290000915527344,19.51000022888184,19.190000534057617,19.5,2679000
2005-04-18,10.74415683746338,19.309999465942383,19.459999084472656,18.39999961853028,18.64999961853028,3793000
2005-04-19,10.577238082885742,19.01000022888184,19.489999771118164,18.8700008392334,19.309999465942383,1547200
2005-04-20,10.432571411132812,18.75,19.0,18.51000022888184,18.979999542236328,2310700
2005-04-21,10.73859691619873,19.299999237060547,19.40999984741211,18.950000762939453,18.950000762939453,1323500
2005-04-22,10.465957641601562,18.809999465942383,19.299999237060547,18.68000030517578,19.299999237060547,779000
2005-04-25,10.638446807861328,19.1200008392334,19.1299991607666,18.76000022888184,18.81999969482422,635400
2005-04-26,10.443699836730955,18.770000457763672,19.100000381469727,18.770000457763672,19.049999237060547,830400
2005-04-27,10.54941463470459,18.959999084472656,18.96999931335449,18.549999237060547,18.59000015258789,750200
2005-04-28,10.42642307281494,18.64999961853028,18.86000061035156,18.57999992370605,18.799999237060547,652500
2005-04-29,10.577374458312988,18.920000076293945,18.920000076293945,18.61000061035156,18.690000534057617,793700
2005-05-02,10.555004119873049,18.8799991607666,19.07999992370605,18.770000457763672,18.920000076293945,812900
2005-05-03,10.683587074279783,19.11000061035156,19.239999771118164,18.86000061035156,18.8799991607666,851800
2005-05-04,10.890442848205566,19.479999542236328,19.559999465942383,19.1200008392334,19.1200008392334,1005900
2005-05-05,11.024611473083496,19.71999931335449,19.75,19.3799991607666,19.3799991607666,805500
2005-05-06,11.069337844848633,19.799999237060547,19.90999984741211,19.75,19.75,908300
2005-05-09,11.063749313354492,19.790000915527344,19.950000762939453,19.61000061035156,19.790000915527344,435300
2005-05-10,10.929572105407717,19.549999237060547,19.950000762939453,19.270000457763672,19.950000762939453,865600
2005-05-11,11.074928283691406,19.809999465942383,19.81999969482422,19.40999984741211,19.65999984741211,629800
2005-05-12,10.968710899353027,19.6200008392334,20.059999465942383,19.21999931335449,19.950000762939453,875900
2005-05-13,11.041391372680664,19.75,19.959999084472656,19.549999237060547,19.799999237060547,742600
2005-05-16,11.214693069458008,20.059999465942383,20.06999969482422,19.709999084472656,19.82999992370605,407400
2005-05-17,11.248238563537598,20.1200008392334,20.170000076293945,19.88999938964844,19.950000762939453,616100
2005-05-18,11.488635063171388,20.549999237060547,20.64999961853028,20.040000915527344,20.200000762939453,920800
2005-05-19,11.471858978271484,20.520000457763672,20.700000762939453,20.440000534057617,20.600000381469727,857600
2005-05-20,11.622812271118164,20.790000915527344,20.989999771118164,20.46999931335449,20.46999931335449,806200
2005-05-23,11.544538497924805,20.64999961853028,20.84000015258789,20.549999237060547,20.84000015258789,660700
2005-05-24,11.393593788146973,20.3799991607666,20.600000381469727,20.309999465942383,20.600000381469727,530300
2005-05-25,11.153196334838867,19.950000762939453,20.280000686645508,19.8799991607666,20.280000686645508,734700
2005-05-26,11.28736686706543,20.190000534057617,20.3799991607666,20.0,20.049999237060547,449000
2005-05-27,11.360053062438965,20.31999969482422,20.36000061035156,20.06999969482422,20.15999984741211,552100
2005-05-31,11.281782150268556,20.18000030517578,20.309999465942383,20.100000381469727,20.26000022888184,546700
2005-06-01,11.309739112854004,20.229999542236328,20.31999969482422,20.020000457763672,20.15999984741211,680200
2005-06-02,11.516590118408203,20.600000381469727,20.63999938964844,20.200000762939453,20.26000022888184,817500
2005-06-03,11.365639686584473,20.32999992370605,20.64999961853028,20.299999237060547,20.530000686645508,468300
2005-06-06,11.32091236114502,20.25,20.3799991607666,19.989999771118164,20.3799991607666,901000
2005-06-07,11.388002395629885,20.3700008392334,20.520000457763672,20.270000457763672,20.280000686645508,502700
2005-06-08,11.315327644348145,20.239999771118164,20.46999931335449,20.18000030517578,20.46999931335449,359300
2005-06-09,11.175559997558594,19.989999771118164,20.299999237060547,19.8799991607666,20.299999237060547,679400
2005-06-10,11.197919845581056,20.030000686645508,20.239999771118164,19.8799991607666,20.0,385800
2005-06-13,11.265008926391602,20.14999961853028,20.31999969482422,19.89999961853028,19.959999084472656,387400
2005-06-14,11.427136421203612,20.440000534057617,20.5,20.1299991607666,20.1299991607666,304100
2005-06-15,11.393593788146973,20.3799991607666,20.61000061035156,20.100000381469727,20.51000022888184,530200
2005-06-16,11.50540542602539,20.57999992370605,20.65999984741211,20.36000061035156,20.450000762939453,413200
2005-06-17,11.550127029418944,20.65999984741211,20.81999969482422,20.600000381469727,20.81999969482422,965900
2005-06-20,11.50540542602539,20.57999992370605,20.700000762939453,20.350000381469727,20.600000381469727,504100
2005-06-21,11.471858978271484,20.520000457763672,20.690000534057617,20.38999938964844,20.56999969482422,285900
2005-06-22,11.477450370788574,20.530000686645508,20.770000457763672,20.450000762939453,20.600000381469727,405200
2005-06-23,11.237060546875,20.100000381469727,20.51000022888184,20.06999969482422,20.43000030517578,491300
2005-06-24,11.265008926391602,20.14999961853028,20.26000022888184,19.96999931335449,20.11000061035156,715000
2005-06-27,11.136427879333496,19.920000076293945,20.1200008392334,19.82999992370605,20.1200008392334,549300
2005-06-28,11.388002395629885,20.3700008392334,20.479999542236328,20.0,20.01000022888184,622900
2005-06-29,11.449499130249023,20.479999542236328,20.549999237060547,20.350000381469727,20.39999961853028,374400
2005-06-30,11.622812271118164,20.790000915527344,20.959999084472656,20.489999771118164,20.489999771118164,851200
2005-07-01,11.65634536743164,20.850000381469727,20.90999984741211,20.6299991607666,20.770000457763672,353100
2005-07-05,12.04210376739502,21.540000915527344,21.76000022888184,20.850000381469727,20.850000381469727,1321400
2005-07-06,12.092414855957031,21.6299991607666,21.799999237060547,21.350000381469727,21.450000762939453,1230900
2005-07-07,12.025330543518066,21.51000022888184,21.57999992370605,21.0,21.200000762939453,466300
2005-07-08,12.058873176574709,21.56999969482422,21.6299991607666,21.13999938964844,21.450000762939453,411000
2005-07-11,12.002968788146973,21.46999931335449,21.729999542236328,21.309999465942383,21.690000534057617,901800
2005-07-12,12.047688484191896,21.549999237060547,21.56999969482422,21.200000762939453,21.479999542236328,519800
2005-07-13,11.796113014221191,21.100000381469727,21.559999465942383,21.030000686645508,21.559999465942383,1099900
2005-07-14,11.790519714355469,21.09000015258789,21.489999771118164,21.0,21.09000015258789,752300
2005-07-15,12.00856113433838,21.479999542236328,21.65999984741211,21.0,21.0,819000
2005-07-18,12.053278923034668,21.559999465942383,22.350000381469727,21.34000015258789,22.0,2485600
2005-07-19,12.360760688781738,22.11000061035156,22.21999931335449,21.479999542236328,21.61000061035156,1084000
2005-07-20,12.215410232543944,21.850000381469727,22.0,21.61000061035156,21.979999542236328,1223200
2005-07-21,11.930293083190918,21.34000015258789,21.8700008392334,21.31999969482422,21.8700008392334,734400
2005-07-22,11.907923698425291,21.299999237060547,21.459999084472656,21.01000022888184,21.21999931335449,689700
2005-07-25,12.002968788146973,21.46999931335449,21.6299991607666,21.26000022888184,21.38999938964844,878700
2005-07-26,12.075644493103027,21.600000381469727,21.63999938964844,21.15999984741211,21.43000030517578,675100
2005-07-27,12.14831829071045,21.729999542236328,21.84000015258789,21.559999465942383,21.700000762939453,1031700
2005-07-28,12.311123847961426,21.93000030517578,22.0,21.63999938964844,21.71999931335449,1164700
2005-07-29,12.31673526763916,21.940000534057617,22.0,21.809999465942383,21.89999961853028,687800
2005-08-01,12.294281959533691,21.89999961853028,22.09000015258789,21.86000061035156,21.959999084472656,918300
2005-08-02,12.182002067565918,21.700000762939453,21.979999542236328,21.68000030517578,21.93000030517578,517000
2005-08-03,12.142706871032717,21.6299991607666,21.700000762939453,21.479999542236328,21.57999992370605,486000
2005-08-04,12.03604507446289,21.440000534057617,21.709999084472656,21.440000534057617,21.549999237060547,707600
2005-08-05,11.918155670166016,21.229999542236328,21.559999465942383,21.049999237060547,21.46999931335449,453800
2005-08-08,11.890081405639648,21.18000030517578,21.3799991607666,21.020000457763672,21.21999931335449,630500
2005-08-09,11.951836585998535,21.290000915527344,21.489999771118164,21.200000762939453,21.299999237060547,1087500
2005-08-10,11.90131664276123,21.200000762939453,21.46999931335449,21.1200008392334,21.350000381469727,503100
2005-08-11,11.794649124145508,21.01000022888184,21.350000381469727,20.90999984741211,21.26000022888184,1015200
2005-08-12,11.732897758483888,20.89999961853028,21.15999984741211,20.86000061035156,21.0,569000
2005-08-15,11.783419609069824,20.989999771118164,21.020000457763672,20.76000022888184,20.920000076293945,568500
2005-08-16,11.63184928894043,20.71999931335449,21.0,20.709999084472656,21.0,546300
2005-08-17,11.57571029663086,20.6200008392334,20.84000015258789,20.57999992370605,20.670000076293945,612800
2005-08-18,11.424135208129885,20.350000381469727,20.57999992370605,20.26000022888184,20.43000030517578,622100
2005-08-19,11.46904754638672,20.43000030517578,20.61000061035156,20.36000061035156,20.5,530700
2005-08-22,11.39606761932373,20.299999237060547,20.600000381469727,20.190000534057617,20.39999961853028,746900
2005-08-23,11.424135208129885,20.350000381469727,20.5,20.06999969482422,20.31999969482422,770500
2005-08-24,11.513961791992188,20.51000022888184,20.600000381469727,20.350000381469727,20.350000381469727,817200
2005-08-25,11.502728462219238,20.489999771118164,20.57999992370605,20.299999237060547,20.51000022888184,365200
2005-08-26,11.328705787658691,20.18000030517578,20.450000762939453,20.1299991607666,20.3799991607666,378300
2005-08-29,11.39606761932373,20.299999237060547,20.36000061035156,20.059999465942383,20.059999465942383,491600
2005-08-30,11.300630569458008,20.1299991607666,20.34000015258789,19.96999931335449,20.239999771118164,657500
2005-08-31,11.620625495910645,20.700000762939453,20.700000762939453,20.1299991607666,20.13999938964844,1140900
2005-09-01,11.513961791992188,20.51000022888184,20.89999961853028,20.459999084472656,20.600000381469727,931700
2005-09-02,11.446596145629885,20.38999938964844,20.90999984741211,20.200000762939453,20.6200008392334,349500
2005-09-06,11.721673011779783,20.8799991607666,21.020000457763672,20.530000686645508,20.530000686645508,635700
2005-09-07,11.96306610107422,21.309999465942383,21.3700008392334,20.670000076293945,20.700000762939453,2670700
2005-09-08,11.946218490600586,21.280000686645508,21.61000061035156,21.170000076293945,21.32999992370605,810300
2005-09-09,12.04165744781494,21.450000762939453,21.6299991607666,21.280000686645508,21.350000381469727,548900
2005-09-12,12.356037139892578,22.01000022888184,22.100000381469727,21.46999931335449,21.549999237060547,1661900
2005-09-13,12.311123847961426,21.93000030517578,22.09000015258789,21.71999931335449,21.979999542236328,767900
2005-09-14,12.08656883239746,21.530000686645508,22.049999237060547,21.520000457763672,21.93000030517578,496800
2005-09-15,12.137094497680664,21.6200008392334,21.989999771118164,21.549999237060547,21.700000762939453,905200
2005-09-16,12.23814296722412,21.799999237060547,21.8799991607666,21.5,21.729999542236328,1515100
2005-09-19,11.940606117248535,21.270000457763672,21.93000030517578,21.26000022888184,21.81999969482422,710300
2005-09-20,11.671148300170898,20.790000915527344,21.32999992370605,20.65999984741211,21.299999237060547,1720500
2005-09-21,11.519572257995604,20.520000457763672,20.780000686645508,20.43000030517578,20.71999931335449,1368100
2005-09-22,11.508342742919922,20.5,20.56999969482422,20.200000762939453,20.450000762939453,1466200
2005-09-23,11.379228591918944,20.270000457763672,20.459999084472656,20.190000534057617,20.440000534057617,1258600
2005-09-26,11.250110626220703,20.040000915527344,20.56999969482422,20.040000915527344,20.34000015258789,899200
2005-09-27,11.11537742614746,19.799999237060547,20.049999237060547,18.989999771118164,20.040000915527344,1732000
2005-09-28,11.07608127593994,19.729999542236328,20.020000457763672,19.63999938964844,19.950000762939453,1329800
2005-09-29,10.918890953063965,19.450000762939453,19.700000762939453,19.39999961853028,19.700000762939453,858000
2005-09-30,11.03117561340332,19.64999961853028,19.790000915527344,19.39999961853028,19.5,618500
2005-10-03,11.11537742614746,19.799999237060547,19.90999984741211,19.6299991607666,19.71999931335449,712500
2005-10-04,11.003097534179688,19.600000381469727,20.030000686645508,19.549999237060547,19.799999237060547,518700
2005-10-05,10.73363971710205,19.1200008392334,19.59000015258789,19.09000015258789,19.549999237060547,740500
2005-10-06,10.756093978881836,19.15999984741211,19.3700008392334,18.959999084472656,19.059999465942383,875800
2005-10-07,10.845913887023926,19.31999969482422,19.479999542236328,19.239999771118164,19.25,524100
2005-10-10,10.750480651855469,19.14999961853028,19.479999542236328,19.1299991607666,19.40999984741211,698900
2005-10-11,10.83469009399414,19.299999237060547,19.3799991607666,19.030000686645508,19.18000030517578,726700
2005-10-12,10.688724517822266,19.040000915527344,19.350000381469727,18.950000762939453,19.200000762939453,1025000
2005-10-13,10.649431228637695,18.96999931335449,19.209999084472656,18.850000381469727,18.950000762939453,882400
2005-10-14,10.50908374786377,18.71999931335449,19.049999237060547,18.71999931335449,18.989999771118164,1192600
2005-10-17,10.548379898071287,18.790000915527344,18.8799991607666,17.75,17.799999237060547,2641800
2005-10-18,10.486632347106934,18.68000030517578,18.75,18.46999931335449,18.700000762939453,1102800
2005-10-19,10.643813133239746,18.959999084472656,18.959999084472656,18.459999084472656,18.600000381469727,882000
2005-10-20,10.89643383026123,19.40999984741211,19.540000915527344,19.18000030517578,19.18000030517578,1361700
2005-10-21,10.72240924835205,19.100000381469727,19.530000686645508,19.049999237060547,19.520000457763672,1084300
2005-10-24,10.918890953063965,19.450000762939453,19.479999542236328,19.0,19.13999938964844,840700
2005-10-25,10.694340705871582,19.049999237060547,19.40999984741211,18.8700008392334,19.3700008392334,688500
2005-10-26,10.621359825134276,18.920000076293945,19.07999992370605,18.82999992370605,19.030000686645508,853500
2005-10-27,10.43049144744873,18.57999992370605,18.89999961853028,18.520000457763672,18.850000381469727,976400
2005-10-28,10.684345245361328,18.940000534057617,18.96999931335449,18.5,18.5,1380100
2005-10-31,10.627933502197266,18.84000015258789,19.13999938964844,18.799999237060547,18.959999084472656,1339100
2005-11-01,10.757673263549805,19.06999969482422,19.11000061035156,18.809999465942383,18.86000061035156,1311100
2005-11-02,11.000247955322266,19.5,19.540000915527344,18.950000762939453,19.07999992370605,609000
2005-11-03,10.91562843322754,19.350000381469727,19.86000061035156,19.270000457763672,19.5,973000
2005-11-04,10.836651802062988,19.209999084472656,19.3799991607666,18.96999931335449,19.3700008392334,752800
2005-11-07,11.084869384765623,19.64999961853028,19.75,19.21999931335449,19.309999465942383,651600
2005-11-08,10.99460506439209,19.489999771118164,19.729999542236328,19.26000022888184,19.61000061035156,601300
2005-11-09,11.051016807556152,19.59000015258789,19.690000534057617,19.309999465942383,19.5,1220300
2005-11-10,11.282305717468262,20.0,20.0,19.440000534057617,19.6299991607666,513000
2005-11-11,11.124348640441896,19.71999931335449,20.0,19.65999984741211,20.0,270800
2005-11-14,11.152560234069824,19.770000457763672,19.82999992370605,19.549999237060547,19.690000534057617,394400
2005-11-15,11.192049026489258,19.84000015258789,19.979999542236328,19.450000762939453,19.75,677700
2005-11-16,11.135638236999512,19.739999771118164,19.8700008392334,19.600000381469727,19.850000381469727,317600
2005-11-17,11.361278533935549,20.13999938964844,20.25,19.64999961853028,19.790000915527344,884000
2005-11-18,11.33871841430664,20.100000381469727,20.270000457763672,20.020000457763672,20.25,546600
2005-11-21,11.40640640258789,20.21999931335449,20.25,20.020000457763672,20.06999969482422,403500
2005-11-22,11.519229888916016,20.420000076293945,20.46999931335449,20.01000022888184,20.13999938964844,969500
2005-11-23,11.581278800964355,20.530000686645508,20.57999992370605,20.39999961853028,20.459999084472656,707700
2005-11-25,11.637694358825684,20.6299991607666,20.690000534057617,20.350000381469727,20.6299991607666,121000
2005-11-28,11.50795078277588,20.39999961853028,20.729999542236328,20.34000015258789,20.600000381469727,502300
2005-11-29,11.547436714172363,20.46999931335449,20.61000061035156,20.440000534057617,20.56999969482422,637800
2005-11-30,11.519229888916016,20.420000076293945,20.700000762939453,20.299999237060547,20.420000076293945,467400
2005-12-01,11.547436714172363,20.46999931335449,20.520000457763672,20.299999237060547,20.39999961853028,620500
2005-12-02,11.64333724975586,20.63999938964844,20.690000534057617,20.420000076293945,20.520000457763672,409400
2005-12-05,11.603848457336426,20.56999969482422,20.700000762939453,20.34000015258789,20.56999969482422,471400
2005-12-06,11.57000732421875,20.51000022888184,20.75,20.46999931335449,20.59000015258789,1308800
2005-12-07,11.564359664916992,20.5,20.6299991607666,20.450000762939453,20.479999542236328,456600
2005-12-08,11.400765419006348,20.209999084472656,20.600000381469727,20.190000534057617,20.530000686645508,574600
2005-12-09,11.462821006774902,20.31999969482422,20.46999931335449,20.209999084472656,20.270000457763672,474600
2005-12-12,11.327435493469238,20.07999992370605,20.350000381469727,20.01000022888184,20.25,596200
2005-12-13,11.440258979797363,20.280000686645508,20.350000381469727,20.059999465942383,20.100000381469727,615200
2005-12-14,11.440258979797363,20.280000686645508,20.530000686645508,20.11000061035156,20.239999771118164,713600
2005-12-15,11.45717716217041,20.309999465942383,20.350000381469727,20.030000686645508,20.25,656000
2005-12-16,11.44589900970459,20.290000915527344,20.5,20.18000030517578,20.25,1045300
2005-12-19,11.48538589477539,20.36000061035156,20.530000686645508,20.26000022888184,20.309999465942383,982500
2005-12-20,11.372563362121582,20.15999984741211,20.34000015258789,20.1200008392334,20.280000686645508,323300
2005-12-21,11.434615135192873,20.270000457763672,20.479999542236328,20.209999084472656,20.299999237060547,320400
2005-12-22,11.581278800964355,20.530000686645508,20.68000030517578,20.280000686645508,20.280000686645508,495000
2005-12-23,11.48538589477539,20.36000061035156,20.57999992370605,20.299999237060547,20.57999992370605,433600
2005-12-27,11.479742050170898,20.350000381469727,20.76000022888184,20.309999465942383,20.39999961853028,391500
2005-12-28,11.389487266540527,20.190000534057617,20.450000762939453,20.15999984741211,20.350000381469727,1110600
2005-12-29,11.4120512008667,20.229999542236328,20.43000030517578,20.14999961853028,20.229999542236328,653300
2005-12-30,11.38385009765625,20.18000030517578,20.26000022888184,20.06999969482422,20.14999961853028,330800
2006-01-03,11.282305717468262,20.0,20.299999237060547,19.690000534057617,20.1299991607666,1183800
2006-01-04,11.192049026489258,19.84000015258789,19.959999084472656,19.709999084472656,19.959999084472656,1314800
2006-01-05,11.062301635742188,19.61000061035156,19.86000061035156,19.520000457763672,19.81999969482422,1144500
2006-01-06,11.276662826538086,19.989999771118164,20.020000457763672,19.6200008392334,19.729999542236328,756800
2006-01-09,11.389487266540527,20.190000534057617,20.979999542236328,20.049999237060547,20.049999237060547,1820800
2006-01-10,12.16232204437256,21.559999465942383,21.56999969482422,20.90999984741211,21.299999237060547,2475800
2006-01-11,11.970528602600098,21.21999931335449,21.59000015258789,21.11000061035156,21.51000022888184,1008000
2006-01-12,11.87462329864502,21.049999237060547,21.31999969482422,20.950000762939453,21.15999984741211,590700
2006-01-13,12.128482818603516,21.5,21.520000457763672,21.09000015258789,21.11000061035156,820400
2006-01-17,12.100269317626951,21.450000762939453,21.5,21.170000076293945,21.450000762939453,1009200
2006-01-18,12.105913162231444,21.459999084472656,21.56999969482422,21.309999465942383,21.350000381469727,747900
2006-01-19,12.275145530700684,21.76000022888184,21.8799991607666,21.46999931335449,21.559999465942383,1234600
2006-01-20,11.846418380737305,21.0,21.780000686645508,20.93000030517578,21.76000022888184,865500
2006-01-23,11.87462329864502,21.049999237060547,21.25,20.950000762939453,21.0,526600
2006-01-24,12.066426277160645,21.38999938964844,21.420000076293945,21.030000686645508,21.100000381469727,504300
2006-01-25,12.004366874694824,21.280000686645508,21.46999931335449,21.209999084472656,21.38999938964844,432300
2006-01-26,12.134119033813477,21.51000022888184,21.57999992370605,21.309999465942383,21.450000762939453,810400
2006-01-27,12.13975715637207,21.520000457763672,21.71999931335449,21.43000030517578,21.520000457763672,387600
2006-01-30,12.088777542114258,21.34000015258789,21.729999542236328,21.309999465942383,21.530000686645508,487100
2006-01-31,12.00947093963623,21.200000762939453,21.3700008392334,21.0,21.280000686645508,834700
2006-02-01,11.952817916870115,21.100000381469727,21.350000381469727,20.950000762939453,21.209999084472656,823600
2006-02-02,11.80553150177002,20.84000015258789,21.239999771118164,20.75,21.049999237060547,1111400
2006-02-03,11.754549026489258,20.75,20.89999961853028,20.59000015258789,20.59000015258789,746700
2006-02-06,11.680906295776367,20.6200008392334,21.89999961853028,20.0,21.5,1734800
2006-02-07,11.607263565063477,20.489999771118164,20.81999969482422,20.100000381469727,20.3799991607666,1429400
2006-02-08,11.624255180358888,20.520000457763672,20.84000015258789,20.43000030517578,20.459999084472656,1213300
2006-02-09,11.754549026489258,20.75,20.920000076293945,20.5,20.530000686645508,943200
2006-02-10,11.612929344177246,20.5,20.8799991607666,20.40999984741211,20.790000915527344,862300
2006-02-13,11.578941345214844,20.440000534057617,20.540000915527344,20.39999961853028,20.5,1331800
2006-02-14,11.607263565063477,20.489999771118164,20.549999237060547,20.25,20.420000076293945,1867400
2006-02-15,11.57327651977539,20.43000030517578,20.64999961853028,20.270000457763672,20.520000457763672,1527500
2006-02-16,11.539288520812988,20.3700008392334,20.5,20.290000915527344,20.420000076293945,1729800
2006-02-17,11.476974487304688,20.26000022888184,20.39999961853028,20.170000076293945,20.299999237060547,1312200
2006-02-21,11.414658546447754,20.14999961853028,20.31999969482422,20.020000457763672,20.290000915527344,1340500
2006-02-22,11.51662826538086,20.32999992370605,20.39999961853028,20.030000686645508,20.200000762939453,984000
2006-02-23,11.578941345214844,20.440000534057617,20.6299991607666,20.270000457763672,20.36000061035156,1270700
2006-02-24,11.522292137145996,20.34000015258789,20.46999931335449,20.209999084472656,20.43000030517578,960500
2006-02-27,11.499629974365234,20.299999237060547,20.5,20.26000022888184,20.3799991607666,1725900
2006-02-28,11.49396800994873,20.290000915527344,20.40999984741211,20.209999084472656,20.299999237060547,5165000
2006-03-01,11.601595878601074,20.479999542236328,20.549999237060547,20.43000030517578,20.479999542236328,2061300
2006-03-02,11.646918296813965,20.559999465942383,20.600000381469727,20.43000030517578,20.440000534057617,2246200
2006-03-03,11.663912773132324,20.59000015258789,20.6299991607666,20.489999771118164,20.540000915527344,1291000
2006-03-06,11.71489715576172,20.68000030517578,20.81999969482422,20.549999237060547,20.600000381469727,1041800
2006-03-07,11.754549026489258,20.75,20.799999237060547,20.64999961853028,20.729999542236328,1170500
2006-03-08,11.799870491027832,20.82999992370605,20.86000061035156,20.61000061035156,20.700000762939453,1117600
2006-03-09,11.782870292663574,20.799999237060547,20.93000030517578,20.670000076293945,20.790000915527344,686200
2006-03-10,11.811199188232422,20.850000381469727,20.850000381469727,20.700000762939453,20.780000686645508,516500
2006-03-13,11.856517791748049,20.93000030517578,20.989999771118164,20.81999969482422,20.84000015258789,560400
2006-03-14,11.850847244262695,20.920000076293945,20.959999084472656,20.5,20.850000381469727,862600
2006-03-15,11.918829917907717,21.040000915527344,21.049999237060547,20.790000915527344,20.88999938964844,897200
2006-03-16,11.867849349975586,20.950000762939453,21.020000457763672,20.709999084472656,21.020000457763672,785500
2006-03-17,11.839520454406738,20.89999961853028,20.93000030517578,20.86000061035156,20.93000030517578,723800
2006-03-20,11.833857536315918,20.88999938964844,21.0,20.700000762939453,20.8700008392334,746500
2006-03-21,11.839520454406738,20.89999961853028,20.940000534057617,20.82999992370605,20.82999992370605,895500
2006-03-22,11.84518337249756,20.90999984741211,20.950000762939453,20.709999084472656,20.90999984741211,702800
2006-03-23,11.760210990905762,20.76000022888184,20.86000061035156,20.559999465942383,20.82999992370605,880900
2006-03-24,11.760210990905762,20.76000022888184,20.90999984741211,20.75,20.75,753500
2006-03-27,11.782870292663574,20.799999237060547,20.86000061035156,20.64999961853028,20.729999542236328,1072100
2006-03-28,11.879180908203123,20.96999931335449,21.01000022888184,20.6200008392334,20.790000915527344,1400800
2006-03-29,11.947151184082031,21.09000015258789,21.14999961853028,20.979999542236328,21.0,936700
2006-03-30,11.947151184082031,21.09000015258789,21.21999931335449,20.979999542236328,21.059999465942383,681200
2006-03-31,11.952817916870115,21.100000381469727,21.25,21.0,21.07999992370605,673000
2006-04-03,11.816864967346191,20.86000061035156,21.21999931335449,20.850000381469727,21.170000076293945,795100
2006-04-04,11.833857536315918,20.88999938964844,21.01000022888184,20.82999992370605,20.82999992370605,1400600
2006-04-05,11.856517791748049,20.93000030517578,20.979999542236328,20.770000457763672,20.81999969482422,855100
2006-04-06,11.839520454406738,20.89999961853028,20.959999084472656,20.850000381469727,20.8799991607666,555100
2006-04-07,11.771550178527832,20.780000686645508,21.270000457763672,20.770000457763672,20.940000534057617,556100
2006-04-10,11.873510360717772,20.959999084472656,21.07999992370605,20.81999969482422,20.82999992370605,887200
2006-04-11,11.867849349975586,20.950000762939453,21.049999237060547,20.809999465942383,21.020000457763672,843400
2006-04-12,11.839520454406738,20.89999961853028,20.979999542236328,20.770000457763672,20.979999542236328,743600
2006-04-13,11.901837348937988,21.01000022888184,21.07999992370605,20.75,20.82999992370605,639900
2006-04-17,11.69223403930664,20.63999938964844,21.049999237060547,20.61000061035156,20.979999542236328,682300
2006-04-18,11.867849349975586,20.950000762939453,20.950000762939453,20.540000915527344,20.600000381469727,1271600
2006-04-19,11.867849349975586,20.950000762939453,21.06999969482422,20.88999938964844,20.89999961853028,776600
2006-04-20,11.828194618225098,20.8799991607666,21.0,20.71999931335449,20.88999938964844,1204500
2006-04-21,11.856517791748049,20.93000030517578,20.989999771118164,20.81999969482422,20.950000762939453,836300
2006-04-24,11.794201850891112,20.81999969482422,21.07999992370605,20.350000381469727,20.729999542236328,1664500
2006-04-25,11.471303939819336,20.25,20.770000457763672,20.190000534057617,20.770000457763672,1242700
2006-04-26,11.442983627319336,20.200000762939453,20.420000076293945,20.18000030517578,20.299999237060547,730900
2006-04-27,11.306215286254885,19.84000015258789,20.18000030517578,19.84000015258789,20.030000686645508,1145300
2006-04-28,11.232131004333496,19.709999084472656,19.989999771118164,19.6299991607666,19.84000015258789,983700
2006-05-01,11.31761074066162,19.86000061035156,20.0,19.739999771118164,19.799999237060547,1309400
2006-05-02,11.283418655395508,19.799999237060547,19.959999084472656,19.700000762939453,19.8700008392334,854600
2006-05-03,11.283418655395508,19.799999237060547,19.89999961853028,19.71999931335449,19.81999969482422,2089100
2006-05-04,11.3233060836792,19.8700008392334,19.950000762939453,19.780000686645508,19.809999465942383,1219300
2006-05-05,11.357501983642578,19.93000030517578,20.01000022888184,19.799999237060547,19.90999984741211,815600
2006-05-08,11.380295753479004,19.96999931335449,20.07999992370605,19.850000381469727,19.90999984741211,984200
2006-05-09,11.414493560791016,20.030000686645508,20.14999961853028,19.96999931335449,19.96999931335449,706400
2006-05-10,11.363201141357422,19.940000534057617,20.13999938964844,19.88999938964844,19.96999931335449,5779700
2006-05-11,11.31761074066162,19.86000061035156,19.989999771118164,19.790000915527344,19.89999961853028,941300
2006-05-12,11.3233060836792,19.8700008392334,19.940000534057617,19.670000076293945,19.84000015258789,1287100
2006-05-15,11.31191349029541,19.850000381469727,19.88999938964844,19.690000534057617,19.86000061035156,1748300
2006-05-16,11.118152618408203,19.51000022888184,19.90999984741211,19.51000022888184,19.90999984741211,1878700
2006-05-17,11.004188537597656,19.309999465942383,19.540000915527344,19.309999465942383,19.450000762939453,1622600
2006-05-18,10.947197914123535,19.209999084472656,19.420000076293945,19.190000534057617,19.309999465942383,845700
2006-05-19,11.015584945678713,19.32999992370605,19.459999084472656,19.15999984741211,19.25,913100
2006-05-22,10.94149684906006,19.200000762939453,19.43000030517578,19.170000076293945,19.290000915527344,1744500
2006-05-23,10.810428619384766,18.96999931335449,19.350000381469727,18.96999931335449,19.229999542236328,1250400
2006-05-24,10.77053928375244,18.89999961853028,19.01000022888184,18.63999938964844,18.96999931335449,1653600
2006-05-25,10.633767127990724,18.65999984741211,19.15999984741211,18.57999992370605,18.979999542236328,1751300
2006-05-26,10.702153205871582,18.780000686645508,18.93000030517578,18.700000762939453,18.770000457763672,974500
2006-05-30,10.54259204864502,18.5,18.790000915527344,18.489999771118164,18.780000686645508,1113300
2006-05-31,10.565383911132812,18.540000915527344,18.739999771118164,18.46999931335449,18.5,1259300
2006-06-01,10.65086841583252,18.690000534057617,18.809999465942383,18.51000022888184,18.59000015258789,1853200
2006-06-02,10.736347198486328,18.84000015258789,18.850000381469727,18.5,18.709999084472656,2620900
2006-06-05,10.553988456726074,18.520000457763672,18.8799991607666,18.520000457763672,18.780000686645508,2324600
2006-06-06,10.605276107788086,18.61000061035156,18.75,18.530000686645508,18.64999961853028,1352100
2006-06-07,10.44571304321289,18.32999992370605,18.68000030517578,18.290000915527344,18.61000061035156,2115800
2006-06-08,10.49129867553711,18.40999984741211,18.46999931335449,18.26000022888184,18.34000015258789,1330400
2006-06-09,10.553988456726074,18.520000457763672,18.59000015258789,18.36000061035156,18.39999961853028,1848000
2006-06-12,10.428616523742676,18.299999237060547,18.5,18.280000686645508,18.5,863900
2006-06-13,10.371628761291504,18.200000762939453,18.3799991607666,18.06999969482422,18.26000022888184,1478800
2006-06-14,10.25195598602295,17.989999771118164,18.21999931335449,17.959999084472656,18.190000534057617,2413600
2006-06-15,10.2804536819458,18.040000915527344,18.100000381469727,17.969999313354492,17.989999771118164,2581200
2006-06-16,10.320341110229492,18.11000061035156,18.309999465942383,17.989999771118164,18.0,2340000
2006-06-19,10.23486042022705,17.959999084472656,18.200000762939453,17.950000762939453,18.13999938964844,1431200
2006-06-20,10.223464012145996,17.940000534057617,18.030000686645508,17.899999618530273,18.010000228881836,1034600
2006-06-21,10.269048690795898,18.020000457763672,18.040000915527344,17.90999984741211,17.90999984741211,1583800
2006-06-22,10.27474880218506,18.030000686645508,18.11000061035156,17.959999084472656,17.989999771118164,2067400
2006-06-23,10.263352394104004,18.010000228881836,18.1299991607666,17.989999771118164,18.010000228881836,993700
2006-06-26,10.257655143737791,18.0,18.18000030517578,17.969999313354492,18.0,883700
2006-06-27,10.257655143737791,18.0,18.049999237060547,17.920000076293945,18.0,1427100
2006-06-28,10.257655143737791,18.0,18.020000457763672,17.950000762939453,18.0,1213600
2006-06-29,10.286149978637695,18.049999237060547,18.11000061035156,17.959999084472656,18.0,1945500
2006-06-30,10.320341110229492,18.11000061035156,18.170000076293945,17.989999771118164,18.030000686645508,1533200
2006-07-03,10.331737518310549,18.1299991607666,18.15999984741211,18.030000686645508,18.11000061035156,897600
2006-07-05,10.303244590759276,18.07999992370605,18.14999961853028,17.969999313354492,18.07999992370605,1388800
2006-07-06,10.303244590759276,18.07999992370605,18.190000534057617,18.020000457763672,18.059999465942383,876200
2006-07-07,10.314645767211914,18.100000381469727,18.21999931335449,18.0,18.030000686645508,1022800
2006-07-10,10.320341110229492,18.11000061035156,18.25,18.07999992370605,18.1200008392334,919200
2006-07-11,10.337434768676758,18.13999938964844,18.15999984741211,17.889999389648438,18.07999992370605,879000
2006-07-12,10.172174453735352,17.850000381469727,18.200000762939453,17.84000015258789,18.170000076293945,1304100
2006-07-13,10.109488487243652,17.739999771118164,17.8799991607666,17.709999084472656,17.799999237060547,887800
2006-07-14,9.97841453552246,17.510000228881836,17.739999771118164,17.3799991607666,17.719999313354492,1359800
2006-07-17,10.263352394104004,18.010000228881836,18.040000915527344,17.510000228881836,17.520000457763672,1785200
2006-07-18,10.160775184631348,17.829999923706055,18.020000457763672,17.56999969482422,18.0,1150800
2006-07-19,10.269048690795898,18.020000457763672,18.020000457763672,17.829999923706055,17.899999618530273,1024900
2006-07-20,10.07529640197754,17.68000030517578,17.989999771118164,17.6299991607666,17.989999771118164,1076600
2006-07-21,9.967020988464355,17.489999771118164,17.719999313354492,17.459999084472656,17.690000534057617,2273400
2006-07-24,10.913006782531738,19.14999961853028,19.18000030517578,17.0,17.0,3550600
2006-07-25,10.94149684906006,19.200000762939453,19.450000762939453,19.13999938964844,19.25,1717400
2006-07-26,10.867412567138672,19.06999969482422,19.290000915527344,19.020000457763672,19.13999938964844,916400
2006-07-27,10.599578857421877,18.600000381469727,19.11000061035156,18.520000457763672,19.100000381469727,780800
2006-07-28,10.903572082519531,19.01000022888184,19.100000381469727,18.57999992370605,18.57999992370605,1607500
2006-07-31,10.725762367248535,18.700000762939453,18.920000076293945,18.420000076293945,18.90999984741211,1959800
2006-08-01,10.547953605651855,18.38999938964844,18.729999542236328,18.38999938964844,18.670000076293945,1471700
2006-08-02,10.674141883850098,18.61000061035156,18.75,18.350000381469727,18.38999938964844,1479400
2006-08-03,10.73723316192627,18.71999931335449,18.780000686645508,18.479999542236328,18.549999237060547,1024200
2006-08-04,10.788851737976074,18.809999465942383,19.200000762939453,18.700000762939453,19.0,887300
2006-08-07,10.720029830932615,18.690000534057617,18.770000457763672,18.64999961853028,18.739999771118164,971900
2006-08-08,10.65119743347168,18.56999969482422,18.88999938964844,18.559999465942383,18.71999931335449,861400
2006-08-09,10.611050605773926,18.5,18.790000915527344,18.39999961853028,18.6299991607666,950300
2006-08-10,10.633992195129396,18.540000915527344,18.68000030517578,18.39999961853028,18.43000030517578,865700
2006-08-11,10.639727592468262,18.549999237060547,18.670000076293945,18.51000022888184,18.540000915527344,410600
2006-08-14,10.725762367248535,18.700000762939453,18.850000381469727,18.57999992370605,18.729999542236328,609300
2006-08-15,10.960927963256836,19.11000061035156,19.11000061035156,18.82999992370605,18.82999992370605,629300
2006-08-16,11.207561492919922,19.540000915527344,19.59000015258789,19.1299991607666,19.170000076293945,899400
2006-08-17,11.310800552368164,19.71999931335449,19.84000015258789,19.43000030517578,19.489999771118164,1022300
2006-08-18,11.373896598815918,19.82999992370605,19.88999938964844,19.61000061035156,19.809999465942383,856000
2006-08-21,11.339483261108398,19.770000457763672,19.850000381469727,19.63999938964844,19.790000915527344,709800
2006-08-22,11.43125057220459,19.93000030517578,19.959999084472656,19.75,19.81999969482422,624600
2006-08-23,11.253445625305176,19.6200008392334,19.979999542236328,19.479999542236328,19.979999542236328,1468300
2006-08-24,11.236238479614258,19.59000015258789,19.64999961853028,19.540000915527344,19.600000381469727,1285500
2006-08-25,11.224767684936523,19.56999969482422,19.61000061035156,19.450000762939453,19.600000381469727,1198500
2006-08-28,11.44272804260254,19.950000762939453,20.0,19.56999969482422,19.600000381469727,1304600
2006-08-29,11.459936141967772,19.979999542236328,20.059999465942383,19.86000061035156,19.989999771118164,2837800
2006-08-30,11.586115837097168,20.200000762939453,20.34000015258789,19.959999084472656,20.0,2092300
2006-08-31,11.643470764160156,20.299999237060547,20.31999969482422,20.0,20.200000762939453,1413200
2006-09-01,11.63774299621582,20.290000915527344,20.530000686645508,20.209999084472656,20.350000381469727,934800
2006-09-05,11.677888870239258,20.36000061035156,20.450000762939453,20.229999542236328,20.290000915527344,1008700
2006-09-06,11.586115837097168,20.200000762939453,20.34000015258789,20.09000015258789,20.32999992370605,1179200
2006-09-07,11.758186340332031,20.5,20.920000076293945,20.38999938964844,20.850000381469727,2569100
2006-09-08,11.92452621459961,20.790000915527344,20.979999542236328,20.600000381469727,20.63999938964844,1794300
2006-09-11,12.11953353881836,21.1299991607666,21.26000022888184,20.75,20.790000915527344,1431400
2006-09-12,12.34896183013916,21.530000686645508,21.540000915527344,21.0,21.07999992370605,1908500
2006-09-13,12.457942962646484,21.71999931335449,21.8799991607666,21.450000762939453,21.459999084472656,1972100
2006-09-14,12.601341247558594,21.96999931335449,22.030000686645508,21.68000030517578,21.729999542236328,1586500
2006-09-15,12.555448532104492,21.88999938964844,22.14999961853028,21.68000030517578,22.100000381469727,1778700
2006-09-18,12.543975830078123,21.8700008392334,22.15999984741211,21.82999992370605,21.88999938964844,807500
2006-09-19,12.65869140625,22.06999969482422,22.11000061035156,21.76000022888184,21.809999465942383,1449300
2006-09-20,12.693108558654783,22.1299991607666,22.200000762939453,21.75,22.1200008392334,1008700
2006-09-21,12.63575267791748,22.030000686645508,22.200000762939453,21.81999969482422,22.15999984741211,991800
2006-09-22,12.572656631469728,21.920000076293945,22.07999992370605,21.530000686645508,21.950000762939453,844900
2006-09-25,12.704580307006836,22.14999961853028,22.200000762939453,21.770000457763672,21.770000457763672,852800
2006-09-26,12.77914333343506,22.280000686645508,22.3700008392334,22.06999969482422,22.09000015258789,818600
2006-09-27,12.77914333343506,22.280000686645508,22.36000061035156,22.200000762939453,22.290000915527344,641000
2006-09-28,12.962679862976074,22.600000381469727,22.63999938964844,22.270000457763672,22.38999938964844,1122700
2006-09-29,13.048720359802246,22.75,22.75,22.3799991607666,22.40999984741211,1336800
2006-10-02,12.962679862976074,22.600000381469727,22.790000915527344,22.559999465942383,22.75,1696200
2006-10-03,12.8995943069458,22.489999771118164,22.709999084472656,22.459999084472656,22.59000015258789,1148600
2006-10-04,13.140488624572754,22.90999984741211,22.90999984741211,22.479999542236328,22.5,1370100
2006-10-05,12.974159240722656,22.6200008392334,22.790000915527344,22.43000030517578,22.739999771118164,1590000
2006-10-06,12.974159240722656,22.6200008392334,22.709999084472656,22.46999931335449,22.6200008392334,1598000
2006-10-09,13.07166862487793,22.790000915527344,22.82999992370605,22.40999984741211,22.600000381469727,1545500
2006-10-10,13.19212245941162,23.0,23.020000457763672,22.799999237060547,22.86000061035156,1429400
2006-10-11,13.16916561126709,22.959999084472656,23.0,22.82999992370605,22.959999084472656,984400
2006-10-12,13.249468803405762,23.100000381469727,23.100000381469727,22.8799991607666,22.989999771118164,1257600
2006-10-13,13.2838773727417,23.15999984741211,23.170000076293945,22.950000762939453,23.0,1048500
2006-10-16,13.306824684143066,23.200000762939453,23.239999771118164,23.100000381469727,23.200000762939453,1274300
2006-10-17,13.433011054992676,23.420000076293945,23.440000534057617,23.049999237060547,23.07999992370605,1412200
2006-10-18,13.427278518676758,23.40999984741211,23.59000015258789,23.299999237060547,23.5,1535700
2006-10-19,13.381387710571287,23.32999992370605,23.479999542236328,23.209999084472656,23.26000022888184,1420000
2006-10-20,13.364179611206056,23.299999237060547,23.40999984741211,23.07999992370605,23.40999984741211,955400
2006-10-23,14.528531074523926,25.32999992370605,25.950000762939453,23.799999237060547,24.14999961853028,7610000
2006-10-24,14.591630935668944,25.440000534057617,25.57999992370605,25.18000030517578,25.40999984741211,3400400
2006-10-25,14.367931365966797,25.049999237060547,25.1200008392334,24.799999237060547,25.0,3850400
2006-10-26,14.45970058441162,25.209999084472656,25.299999237060547,25.0,25.01000022888184,1314300
2006-10-27,14.396612167358398,25.100000381469727,25.299999237060547,24.989999771118164,25.15999984741211,1502000
2006-10-30,14.696298599243164,25.5,25.559999465942383,25.040000915527344,25.15999984741211,3008900
2006-10-31,14.93835163116455,25.920000076293945,25.959999084472656,25.459999084472656,25.5,4551000
2006-11-01,15.353313446044922,26.63999938964844,26.76000022888184,25.88999938964844,25.920000076293945,5752000
2006-11-02,15.330259323120115,26.600000381469727,27.1299991607666,26.43000030517578,26.5,5610100
2006-11-03,15.566554069519045,27.01000022888184,27.5,26.34000015258789,26.700000762939453,6022200
2006-11-06,15.560791969299316,27.0,27.31999969482422,26.729999542236328,27.18000030517578,2560200
2006-11-07,15.618420600891112,27.100000381469727,27.32999992370605,26.850000381469727,27.0,2272200
2006-11-08,15.560791969299316,27.0,27.190000534057617,26.93000030517578,27.049999237060547,2338500
2006-11-09,15.555024147033691,26.989999771118164,27.040000915527344,26.8799991607666,27.0,2293200
2006-11-10,15.520445823669434,26.93000030517578,27.09000015258789,26.88999938964844,27.0,1799400
2006-11-13,15.416708946228027,26.75,27.01000022888184,26.559999465942383,26.979999542236328,2303800
2006-11-14,15.531973838806152,26.950000762939453,26.96999931335449,26.709999084472656,26.850000381469727,2359800
2006-11-15,15.48586654663086,26.8700008392334,26.96999931335449,26.84000015258789,26.89999961853028,2151500
2006-11-16,15.508916854858398,26.90999984741211,26.989999771118164,26.75,26.88999938964844,1472400
2006-11-17,15.462811470031738,26.82999992370605,26.89999961853028,26.690000534057617,26.850000381469727,1614200
2006-11-20,15.560791969299316,27.0,27.1299991607666,26.729999542236328,26.84000015258789,2108300
2006-11-21,15.618420600891112,27.100000381469727,27.1299991607666,26.8700008392334,27.0,2173800
2006-11-22,15.733688354492188,27.299999237060547,27.38999938964844,27.030000686645508,27.1299991607666,2987600
2006-11-24,15.664530754089355,27.18000030517578,27.229999542236328,27.059999465942383,27.209999084472656,411000
2006-11-27,15.457050323486328,26.81999969482422,27.229999542236328,26.799999237060547,27.170000076293945,1920900
2006-11-28,15.336020469665527,26.61000061035156,26.81999969482422,26.299999237060547,26.81999969482422,1605700
2006-11-29,15.405179977416992,26.729999542236328,26.89999961853028,26.57999992370605,26.61000061035156,2334800
2006-11-30,15.416708946228027,26.75,26.850000381469727,26.46999931335449,26.700000762939453,1457800
2006-12-01,15.24380588531494,26.450000762939453,26.89999961853028,26.13999938964844,26.8700008392334,1404300
2006-12-04,15.416708946228027,26.75,26.84000015258789,26.420000076293945,26.57999992370605,1786700
2006-12-05,15.62417984008789,27.11000061035156,27.290000915527344,26.850000381469727,26.950000762939453,2125100
2006-12-06,15.6702880859375,27.190000534057617,27.280000686645508,27.0,27.100000381469727,1869000
2006-12-07,15.48586654663086,26.8700008392334,27.43000030517578,26.6299991607666,27.14999961853028,1952000
2006-12-08,15.289911270141602,26.530000686645508,26.940000534057617,26.43000030517578,26.8700008392334,1663700
2006-12-11,15.491634368896484,26.8799991607666,27.040000915527344,26.540000915527344,26.670000076293945,3071700
2006-12-12,15.405179977416992,26.729999542236328,26.950000762939453,26.600000381469727,26.809999465942383,2093100
2006-12-13,15.433998107910156,26.780000686645508,26.989999771118164,26.71999931335449,26.8799991607666,1442200
2006-12-14,15.589603424072266,27.049999237060547,27.100000381469727,26.71999931335449,26.75,1067200
2006-12-15,15.566554069519045,27.01000022888184,27.1200008392334,26.940000534057617,27.06999969482422,2035900
2006-12-18,15.699106216430664,27.239999771118164,27.690000534057617,27.100000381469727,27.100000381469727,2656300
2006-12-19,15.756744384765623,27.34000015258789,27.420000076293945,27.01000022888184,27.100000381469727,1869700
2006-12-20,15.80860424041748,27.43000030517578,27.670000076293945,27.059999465942383,27.3700008392334,3100900
2006-12-21,15.612651824951172,27.09000015258789,27.5,27.040000915527344,27.39999961853028,1186600
2006-12-22,15.647234916687012,27.14999961853028,27.229999542236328,26.93000030517578,27.18000030517578,742700
2006-12-26,15.65876579284668,27.170000076293945,27.290000915527344,27.01000022888184,27.030000686645508,968100
2006-12-27,15.716395378112791,27.270000457763672,27.40999984741211,27.170000076293945,27.25,1356400
2006-12-28,15.739453315734863,27.309999465942383,27.479999542236328,27.18000030517578,27.25,909400
2006-12-29,15.70487117767334,27.25,27.479999542236328,27.209999084472656,27.32999992370605,731600
2007-01-03,15.843188285827637,27.489999771118164,27.82999992370605,27.200000762939453,27.299999237060547,2260800
2007-01-04,15.866241455078123,27.530000686645508,27.690000534057617,27.3799991607666,27.479999542236328,1709700
2007-01-05,15.768265724182127,27.36000061035156,27.5,27.170000076293945,27.420000076293945,1029100
2007-01-08,15.641471862792969,27.13999938964844,27.32999992370605,27.040000915527344,27.290000915527344,1208300
2007-01-09,15.935400009155272,27.64999961853028,27.71999931335449,27.200000762939453,27.229999542236328,2202900
2007-01-10,16.010316848754883,27.780000686645508,27.799999237060547,27.43000030517578,27.64999961853028,967900
2007-01-11,16.06218910217285,27.8700008392334,27.8799991607666,27.63999938964844,27.76000022888184,812600
2007-01-12,16.079484939575195,27.89999961853028,27.959999084472656,27.56999969482422,27.950000762939453,1822100
2007-01-16,16.021848678588867,27.799999237060547,28.1299991607666,27.71999931335449,27.90999984741211,1462000
2007-01-17,16.102535247802734,27.940000534057617,28.030000686645508,27.75,27.82999992370605,1122500
2007-01-18,16.21780014038086,28.13999938964844,28.290000915527344,27.700000762939453,27.89999961853028,1503700
2007-01-19,16.304248809814453,28.290000915527344,28.40999984741211,28.030000686645508,28.190000534057617,1282400
2007-01-22,16.20051383972168,28.11000061035156,28.489999771118164,28.07999992370605,28.299999237060547,1131600
2007-01-23,16.58088493347168,28.770000457763672,28.8700008392334,27.989999771118164,28.020000457763672,3393500
2007-01-24,16.66156578063965,28.90999984741211,28.940000534057617,28.61000061035156,28.81999969482422,739900
2007-01-25,16.25238037109375,28.200000762939453,28.6200008392334,28.190000534057617,28.600000381469727,1210800
2007-01-26,16.28695297241211,28.26000022888184,28.38999938964844,27.90999984741211,28.34000015258789,912500
2007-01-29,16.5117244720459,28.64999961853028,28.76000022888184,28.1200008392334,28.26000022888184,1068500
2007-01-30,16.48857307434082,28.489999771118164,28.6299991607666,28.190000534057617,28.540000915527344,731300
2007-01-31,16.43649673461914,28.39999961853028,28.440000534057617,28.15999984741211,28.420000076293945,894500
2007-02-01,16.598539352416992,28.68000030517578,28.75,28.40999984741211,28.5,1164900
2007-02-02,16.673768997192383,28.809999465942383,28.979999542236328,28.540000915527344,28.71999931335449,911000
2007-02-05,16.685352325439453,28.82999992370605,28.850000381469727,28.1200008392334,28.809999465942383,1071000
2007-02-06,16.604328155517578,28.690000534057617,28.8799991607666,28.38999938964844,28.84000015258789,1223500
2007-02-07,16.731645584106445,28.90999984741211,29.0,28.459999084472656,28.670000076293945,945200
2007-02-08,16.853181838989258,29.1200008392334,29.270000457763672,28.729999542236328,28.950000762939453,1426400
2007-02-09,16.424915313720703,28.3799991607666,29.46999931335449,28.030000686645508,29.229999542236328,3080500
2007-02-12,16.61589813232422,28.709999084472656,28.979999542236328,28.06999969482422,28.63999938964844,2148200
2007-02-13,16.477006912231445,28.46999931335449,28.700000762939453,28.280000686645508,28.670000076293945,1536200
2007-02-14,16.772167205810547,28.979999542236328,29.0,28.450000762939453,28.5,1626600
2007-02-15,17.038381576538086,29.440000534057617,29.59000015258789,28.90999984741211,28.979999542236328,2326200
2007-02-16,17.130992889404297,29.600000381469727,29.6299991607666,29.11000061035156,29.299999237060547,1592100
2007-02-20,16.968936920166016,29.31999969482422,29.6200008392334,29.209999084472656,29.600000381469727,2208000
2007-02-21,17.06153678894043,29.479999542236328,29.709999084472656,29.09000015258789,29.09000015258789,2722500
2007-02-22,17.159921646118164,29.64999961853028,29.799999237060547,29.5,29.63999938964844,1278900
2007-02-23,16.963159561157227,29.309999465942383,29.700000762939453,29.229999542236328,29.559999465942383,2543100
2007-02-26,16.928421020507812,29.25,29.549999237060547,29.14999961853028,29.530000686645508,2255800
2007-02-27,16.575380325317383,28.63999938964844,28.989999771118164,28.14999961853028,28.86000061035156,1677100
2007-02-28,16.361248016357422,28.270000457763672,28.600000381469727,27.61000061035156,28.600000381469727,2949300
2007-03-01,16.7779541015625,28.989999771118164,29.239999771118164,27.68000030517578,28.07999992370605,2476800
2007-03-02,16.656414031982422,28.780000686645508,29.15999984741211,28.5,28.81999969482422,1529000
2007-03-05,16.662199020385742,28.790000915527344,29.059999465942383,28.25,28.420000076293945,1939000
2007-03-06,16.957361221313477,29.299999237060547,29.459999084472656,28.530000686645508,28.8799991607666,2021900
2007-03-07,16.88212776184082,29.170000076293945,29.700000762939453,29.09000015258789,29.350000381469727,2204400
2007-03-08,17.05574607849121,29.46999931335449,29.6299991607666,29.170000076293945,29.309999465942383,992200
2007-03-09,17.136768341064453,29.61000061035156,29.770000457763672,29.34000015258789,29.61000061035156,1129100
2007-03-12,17.130992889404297,29.600000381469727,29.739999771118164,29.3700008392334,29.540000915527344,1389300
2007-03-13,16.766372680664062,28.96999931335449,29.520000457763672,28.89999961853028,29.459999084472656,1412700
2007-03-14,16.870553970336914,29.14999961853028,29.32999992370605,28.600000381469727,29.1299991607666,1531300
2007-03-15,16.93999671936035,29.270000457763672,29.520000457763672,29.11000061035156,29.11000061035156,1394700
2007-03-16,16.87633514404297,29.15999984741211,29.450000762939453,29.1200008392334,29.350000381469727,1233800
2007-03-19,17.078901290893555,29.51000022888184,29.790000915527344,29.209999084472656,29.299999237060547,821500
2007-03-20,17.33355712890625,29.950000762939453,29.950000762939453,29.40999984741211,29.51000022888184,911300
2007-03-21,17.36248207092285,30.0,30.100000381469727,29.709999084472656,29.89999961853028,1334000
2007-03-22,17.33355712890625,29.950000762939453,30.239999771118164,29.86000061035156,29.979999542236328,1523600
2007-03-23,17.264102935791016,29.82999992370605,30.15999984741211,29.75,30.01000022888184,1434300
2007-03-26,17.165712356567383,29.65999984741211,29.739999771118164,29.209999084472656,29.64999961853028,1420400
2007-03-27,16.9457950592041,29.280000686645508,29.65999984741211,29.030000686645508,29.559999465942383,1408100
2007-03-28,16.66798210144043,28.799999237060547,29.65999984741211,28.770000457763672,29.65999984741211,1502200
2007-03-29,16.673768997192383,28.809999465942383,29.63999938964844,28.71999931335449,29.63999938964844,1247400
2007-03-30,16.56381607055664,28.6200008392334,29.15999984741211,28.56999969482422,28.8799991607666,3027600
2007-04-02,16.639049530029297,28.75,28.940000534057617,28.100000381469727,28.559999465942383,1722300
2007-04-03,16.702716827392578,28.86000061035156,28.979999542236328,28.709999084472656,28.75,2395500
2007-04-04,16.766372680664062,28.96999931335449,28.96999931335449,28.71999931335449,28.959999084472656,1657400
2007-04-05,17.02681541442871,29.420000076293945,29.489999771118164,28.82999992370605,29.049999237060547,859100
2007-04-09,17.154142379760742,29.63999938964844,29.82999992370605,29.46999931335449,29.540000915527344,772500
2007-04-10,17.240951538085938,29.790000915527344,29.850000381469727,29.59000015258789,29.64999961853028,940100
2007-04-11,17.275665283203125,29.850000381469727,29.93000030517578,29.600000381469727,29.709999084472656,1694400
2007-04-12,17.44930076599121,30.14999961853028,30.459999084472656,29.84000015258789,30.0,2216600
2007-04-13,17.44930076599121,30.14999961853028,30.350000381469727,29.89999961853028,30.25,977800
2007-04-16,17.397205352783203,30.059999465942383,30.34000015258789,29.979999542236328,30.270000457763672,978700
2007-04-17,17.414573669433594,30.09000015258789,30.229999542236328,29.959999084472656,30.0,1260700
2007-04-18,17.33355712890625,29.950000762939453,30.200000762939453,29.940000534057617,30.0,1466700
2007-04-19,17.43771743774414,30.1299991607666,30.68000030517578,29.6299991607666,30.68000030517578,1040300
2007-04-20,17.48402214050293,30.209999084472656,30.979999542236328,30.01000022888184,30.229999542236328,1994700
2007-04-23,18.83251953125,32.540000915527344,33.43000030517578,31.75,31.75,6477100
2007-04-24,18.033832550048828,31.15999984741211,32.16999816894531,30.950000762939453,31.549999237060547,3183600
2007-04-25,18.259546279907227,31.549999237060547,31.86000061035156,31.280000686645508,31.280000686645508,2047900
2007-04-26,18.161163330078125,31.3799991607666,31.75,31.020000457763672,31.6299991607666,4677200
2007-04-27,18.271684646606445,31.40999984741211,31.549999237060547,30.950000762939453,31.0,1995400
2007-04-30,18.38802719116211,31.61000061035156,31.8700008392334,31.459999084472656,31.5,2991000
2007-05-01,18.638168334960938,32.040000915527344,32.20000076293945,31.5,31.65999984741211,2990800
2007-05-02,19.10354232788086,32.84000015258789,32.88999938964844,32.2400016784668,32.31999969482422,1730600
2007-05-03,19.196617126464844,33.0,33.04999923706055,32.63999938964844,32.9900016784668,1890500
2007-05-04,19.051183700561523,32.75,33.25,32.529998779296875,33.20000076293945,1442000
2007-05-07,19.027925491333008,32.709999084472656,33.02000045776367,32.599998474121094,32.83000183105469,1688700
2007-05-08,19.184982299804688,32.97999954223633,33.0,32.65999984741211,32.709999084472656,1102000
2007-05-09,19.208250045776367,33.02000045776367,33.2400016784668,32.849998474121094,32.900001525878906,2632700
2007-05-10,19.07445335388184,32.790000915527344,33.0099983215332,32.689998626708984,32.95000076293945,1366100
2007-05-11,19.16171264648437,32.939998626708984,33.029998779296875,32.61000061035156,32.849998474121094,1176100
2007-05-14,18.83013153076172,32.369998931884766,32.9900016784668,32.2400016784668,32.79999923706055,1943000
2007-05-15,18.71378898620605,32.16999816894531,32.61000061035156,32.150001525878906,32.5099983215332,1563700
2007-05-16,18.10298728942871,31.1200008392334,32.29999923706055,30.850000381469727,32.29999923706055,3624600
2007-05-17,18.114625930786133,31.13999938964844,31.64999961853028,31.0,31.209999084472656,2730900
2007-05-18,18.53927421569824,31.8700008392334,31.920000076293945,31.100000381469727,31.229999542236328,1879800
2007-05-21,18.57417869567871,31.93000030517578,32.04999923706055,31.809999465942383,31.90999984741211,2608100
2007-05-22,18.742876052856445,32.220001220703125,32.29999923706055,31.6200008392334,31.8799991607666,3054100
2007-05-23,18.888301849365234,32.470001220703125,32.599998474121094,32.11000061035156,32.22999954223633,2183200
2007-05-24,18.71961212158203,32.18000030517578,32.83000183105469,32.02000045776367,32.36000061035156,1809500
2007-05-25,18.86503791809082,32.43000030517578,32.4900016784668,32.099998474121094,32.099998474121094,1612700
2007-05-29,18.99882698059082,32.65999984741211,32.84000015258789,32.310001373291016,32.400001525878906,2091900
2007-05-30,18.90575790405273,32.5,32.61000061035156,32.0,32.29999923706055,2922200
2007-05-31,18.70215606689453,32.150001525878906,32.7599983215332,31.96999931335449,32.599998474121094,2819300
2007-06-01,18.882492065429688,32.459999084472656,32.7400016784668,32.11000061035156,32.150001525878906,2539300
2007-06-04,18.98137664794922,32.630001068115234,32.77000045776367,32.29999923706055,32.29999923706055,1925300
2007-06-05,18.51601219177246,31.82999992370605,32.08000183105469,31.3799991607666,31.6299991607666,2948400
2007-06-06,18.556730270385746,31.89999961853028,31.950000762939453,31.36000061035156,31.540000915527344,2599000
2007-06-07,18.353120803833008,31.549999237060547,32.0,31.479999542236328,31.850000381469727,1978500
2007-06-08,18.16697883605957,31.229999542236328,31.600000381469727,30.979999542236328,31.57999992370605,2490100
2007-06-11,18.15534210205078,31.209999084472656,31.459999084472656,30.989999771118164,31.200000762939453,1350300
2007-06-12,17.812129974365234,30.6200008392334,31.190000534057617,30.559999465942383,31.14999961853028,1391600
2007-06-13,18.16697883605957,31.229999542236328,31.229999542236328,30.38999938964844,30.5,3068800
2007-06-14,18.364765167236328,31.56999969482422,31.850000381469727,31.020000457763672,31.350000381469727,1436800
2007-06-15,18.289138793945312,31.440000534057617,31.959999084472656,31.420000076293945,31.86000061035156,1235800
2007-06-18,18.027362823486328,30.989999771118164,31.540000915527344,30.96999931335449,31.450000762939453,3170100
2007-06-19,18.137895584106445,31.18000030517578,31.209999084472656,30.920000076293945,31.0,1266600
2007-06-20,17.91102409362793,30.790000915527344,31.520000457763672,30.780000686645508,31.34000015258789,1233900
2007-06-21,18.39966583251953,31.6299991607666,31.709999084472656,30.549999237060547,30.81999969482422,2391300
2007-06-22,18.20769691467285,31.299999237060547,31.64999961853028,31.21999931335449,31.6299991607666,2059000
2007-06-25,18.51018714904785,31.81999969482422,32.279998779296875,31.31999969482422,31.75,2154500
2007-06-26,18.271684646606445,31.40999984741211,32.45000076293945,31.26000022888184,32.349998474121094,2260900
2007-06-27,18.21352195739746,31.309999465942383,31.559999465942383,31.21999931335449,31.459999084472656,1737900
2007-06-28,18.364765167236328,31.56999969482422,31.799999237060547,31.18000030517578,31.31999969482422,1275200
2007-06-29,18.271684646606445,31.40999984741211,31.93000030517578,31.229999542236328,31.850000381469727,1734700
2007-07-02,18.795228958129883,32.310001373291016,32.38999938964844,31.440000534057617,31.440000534057617,1622100
2007-07-03,18.71961212158203,32.18000030517578,32.650001525878906,32.040000915527344,32.52000045776367,751600
2007-07-05,18.70796775817871,32.15999984741211,32.41999816894531,31.89999961853028,32.380001068115234,1278000
2007-07-06,18.89994239807129,32.4900016784668,32.5,31.84000015258789,32.02000045776367,1138000
2007-07-09,18.888301849365234,32.470001220703125,33.099998474121094,32.459999084472656,32.689998626708984,1939000
2007-07-10,18.39966583251953,31.6299991607666,32.45000076293945,31.6299991607666,32.400001525878906,1921100
2007-07-11,18.498554229736328,31.799999237060547,32.04999923706055,31.440000534057617,31.549999237060547,2256100
2007-07-12,18.90575790405273,32.5,32.5,31.799999237060547,32.0,1666600
2007-07-13,18.870849609375,32.439998626708984,32.52000045776367,32.0099983215332,32.36000061035156,1944600
2007-07-16,18.795228958129883,32.310001373291016,32.86000061035156,32.25,32.599998474121094,2959800
2007-07-17,19.068634033203125,32.779998779296875,32.79999923706055,32.27000045776367,32.310001373291016,1767500
2007-07-18,18.96974754333496,32.61000061035156,32.79999923706055,32.20000076293945,32.70000076293945,2199800
2007-07-19,19.027925491333008,32.709999084472656,32.790000915527344,32.470001220703125,32.61000061035156,2362300
2007-07-20,18.94066619873047,32.560001373291016,33.0099983215332,32.209999084472656,32.83000183105469,3049300
2007-07-23,17.916833877563477,30.799999237060547,33.4900016784668,29.5,33.310001373291016,6008900
2007-07-24,17.60852813720703,30.270000457763672,30.850000381469727,30.270000457763672,30.549999237060547,2794600
2007-07-25,17.15479850769043,29.489999771118164,30.51000022888184,29.280000686645508,30.39999961853028,4269400
2007-07-26,16.747587203979492,28.790000915527344,29.239999771118164,28.290000915527344,29.200000762939453,3744000
2007-07-27,16.32294464111328,28.059999465942383,28.559999465942383,27.96999931335449,28.5,3895000
2007-07-30,16.72077178955078,28.57999992370605,28.71999931335449,27.700000762939453,28.100000381469727,3308200
2007-07-31,16.393150329589844,28.020000457763672,29.030000686645508,28.020000457763672,28.57999992370605,2707200
2007-08-01,16.89044189453125,28.8700008392334,28.940000534057617,27.8799991607666,28.25,2942400
2007-08-02,16.861188888549805,28.81999969482422,29.1200008392334,28.26000022888184,28.790000915527344,3591400
2007-08-03,16.17667579650879,27.64999961853028,28.989999771118164,27.61000061035156,28.81999969482422,2554800
2007-08-06,16.41069793701172,28.049999237060547,28.209999084472656,27.290000915527344,27.709999084472656,2137000
2007-08-07,16.077219009399414,27.479999542236328,27.799999237060547,27.040000915527344,27.799999237060547,3674900
2007-08-08,15.749591827392578,26.920000076293945,27.57999992370605,26.57999992370605,27.479999542236328,3688900
2007-08-09,15.30495262145996,26.15999984741211,27.049999237060547,25.89999961853028,26.84000015258789,4997500
2007-08-10,16.22348403930664,27.729999542236328,28.0,25.25,25.530000686645508,4487000
2007-08-13,16.16497039794922,27.6299991607666,29.030000686645508,27.46999931335449,28.059999465942383,3442800
2007-08-14,15.966058731079102,27.290000915527344,27.84000015258789,26.770000457763672,27.799999237060547,2205800
2007-08-15,16.153270721435547,27.61000061035156,28.229999542236328,27.06999969482422,27.190000534057617,2925000
2007-08-16,15.925104141235352,27.21999931335449,27.84000015258789,26.88999938964844,27.34000015258789,3530900
2007-08-17,16.09476661682129,27.51000022888184,27.989999771118164,27.049999237060547,27.88999938964844,1711100
2007-08-20,16.709070205688477,28.559999465942383,28.90999984741211,27.5,27.5,1993800
2007-08-21,16.369741439819336,27.979999542236328,28.440000534057617,27.729999542236328,28.270000457763672,1697300
2007-08-22,16.77928352355957,28.68000030517578,28.71999931335449,27.89999961853028,28.0,2388100
2007-08-23,16.726621627807617,28.59000015258789,28.950000762939453,28.450000762939453,28.6299991607666,1332400
2007-08-24,17.019153594970703,29.09000015258789,29.1299991607666,28.40999984741211,28.600000381469727,940200
2007-08-27,16.691524505615234,28.530000686645508,29.059999465942383,28.420000076293945,28.86000061035156,1124500
2007-08-28,16.428253173828125,28.07999992370605,28.63999938964844,28.040000915527344,28.46999931335449,1573000
2007-08-29,16.691524505615234,28.530000686645508,28.530000686645508,27.950000762939453,28.299999237060547,1896400
2007-08-30,16.346343994140625,27.940000534057617,28.459999084472656,27.780000686645508,28.459999084472656,1755600
2007-08-31,16.504304885864258,28.209999084472656,28.549999237060547,28.07999992370605,28.31999969482422,1621300
2007-09-04,16.35219383239746,27.950000762939453,28.100000381469727,27.65999984741211,27.950000762939453,1773700
2007-09-05,16.15912628173828,27.6200008392334,27.89999961853028,27.3700008392334,27.75,1765500
2007-09-06,15.872451782226562,27.1299991607666,28.1200008392334,27.07999992370605,27.59000015258789,2158500
2007-09-07,15.340057373046877,26.21999931335449,27.049999237060547,26.07999992370605,26.989999771118164,2981600
2007-09-10,15.743741989135742,26.90999984741211,27.25,26.479999542236328,26.5,2031600
2007-09-11,16.077219009399414,27.479999542236328,27.600000381469727,26.920000076293945,26.93000030517578,1510600
2007-09-12,16.32294464111328,27.89999961853028,28.21999931335449,27.3799991607666,27.530000686645508,2127500
2007-09-13,16.246883392333984,27.770000457763672,28.07999992370605,27.700000762939453,27.979999542236328,789000
2007-09-14,16.17667579650879,27.64999961853028,28.520000457763672,27.559999465942383,28.520000457763672,998100
2007-09-17,16.118173599243164,27.549999237060547,27.850000381469727,27.530000686645508,27.68000030517578,1075800
2007-09-18,16.463354110717773,28.13999938964844,28.209999084472656,27.450000762939453,27.57999992370605,1550700
2007-09-19,16.937240600585938,28.950000762939453,29.030000686645508,28.15999984741211,28.15999984741211,1888900
2007-09-20,16.785127639770508,28.690000534057617,29.21999931335449,28.540000915527344,28.950000762939453,1410700
2007-09-21,16.703222274780273,28.549999237060547,29.030000686645508,28.459999084472656,28.690000534057617,1121100
2007-09-24,16.55110740661621,28.290000915527344,28.950000762939453,28.25,28.530000686645508,1002900
2007-09-25,16.59792137145996,28.3700008392334,28.440000534057617,27.76000022888184,28.280000686645508,1435700
2007-09-26,16.49260139465332,28.190000534057617,28.51000022888184,28.0,28.350000381469727,1292300
2007-09-27,16.428253173828125,28.07999992370605,28.3700008392334,27.90999984741211,28.13999938964844,835000
2007-09-28,16.311237335205078,27.8799991607666,28.299999237060547,27.780000686645508,27.989999771118164,1316700
2007-10-01,17.44038963317871,29.809999465942383,29.8700008392334,27.850000381469727,27.850000381469727,2285500
2007-10-02,17.867473602294922,30.540000915527344,30.68000030517578,29.75,29.75,1963300
2007-10-03,17.40530014038086,29.75,30.520000457763672,29.63999938964844,30.39999961853028,1495300
2007-10-04,16.790979385375977,28.700000762939453,29.950000762939453,28.690000534057617,29.64999961853028,1513600
2007-10-05,17.04255485534668,29.1299991607666,29.26000022888184,28.51000022888184,28.51000022888184,1597300
2007-10-08,16.726621627807617,28.59000015258789,29.36000061035156,28.51000022888184,29.299999237060547,1335400
2007-10-09,17.13031768798828,29.280000686645508,29.3799991607666,28.530000686645508,28.64999961853028,2023700
2007-10-10,17.51059341430664,29.93000030517578,30.07999992370605,29.100000381469727,29.280000686645508,2597600
2007-10-11,16.92555046081543,28.93000030517578,30.1299991607666,28.780000686645508,30.0,1829900
2007-10-12,16.966493606567383,29.0,29.440000534057617,28.84000015258789,28.90999984741211,1030100
2007-10-15,16.978200912475586,29.020000457763672,29.270000457763672,28.549999237060547,28.89999961853028,1584900
2007-10-16,16.984046936035156,29.030000686645508,29.270000457763672,28.75,29.030000686645508,1500900
2007-10-17,17.05426025390625,29.14999961853028,29.75,28.90999984741211,29.350000381469727,1636500
2007-10-18,17.112754821777344,29.25,29.40999984741211,28.88999938964844,29.13999938964844,1479000
2007-10-19,16.621318817138672,28.40999984741211,29.07999992370605,28.26000022888184,28.84000015258789,2823400
2007-10-22,16.615463256835938,28.39999961853028,29.729999542236328,28.0,29.729999542236328,3827200
2007-10-23,16.884592056274414,28.86000061035156,28.959999084472656,28.3700008392334,28.459999084472656,2113700
2007-10-24,17.335081100463867,29.6299991607666,29.75,28.530000686645508,28.530000686645508,2207500
2007-10-25,17.08935546875,29.209999084472656,29.89999961853028,28.81999969482422,29.600000381469727,1819800
2007-10-26,16.995746612548828,29.049999237060547,29.350000381469727,28.729999542236328,29.31999969482422,2150200
2007-10-29,17.171268463134766,29.350000381469727,29.56999969482422,28.81999969482422,29.040000915527344,2179500
2007-10-30,17.253625869750977,29.32999992370605,29.86000061035156,29.040000915527344,29.15999984741211,1761000
2007-10-31,17.55951690673828,29.850000381469727,30.170000076293945,29.290000915527344,29.290000915527344,1363700
2007-11-01,16.624183654785156,28.26000022888184,29.850000381469727,28.239999771118164,29.850000381469727,2642600
2007-11-02,16.947725296020508,28.809999465942383,28.850000381469727,28.06999969482422,28.290000915527344,2038500
2007-11-05,16.983022689819336,28.8700008392334,29.190000534057617,28.71999931335449,28.850000381469727,1646200
2007-11-06,16.741830825805664,28.459999084472656,29.13999938964844,28.18000030517578,28.850000381469727,2375100
2007-11-07,16.347702026367188,27.790000915527344,28.440000534057617,27.709999084472656,28.440000534057617,2025400
2007-11-08,15.85944938659668,26.959999084472656,27.989999771118164,26.559999465942383,27.790000915527344,2743200
2007-11-09,15.271184921264648,25.959999084472656,26.709999084472656,25.920000076293945,26.65999984741211,3364700
2007-11-12,15.135887145996094,25.729999542236328,26.1299991607666,25.309999465942383,25.86000061035156,1896300
2007-11-13,15.824152946472168,26.89999961853028,27.049999237060547,25.6299991607666,26.0,2243200
2007-11-14,15.559433937072754,26.450000762939453,27.100000381469727,26.36000061035156,27.01000022888184,2687800
2007-11-15,15.806501388549805,26.8700008392334,27.440000534057617,26.190000534057617,26.600000381469727,3350400
2007-11-16,16.14769172668457,27.450000762939453,28.14999961853028,26.82999992370605,27.56999969482422,3725500
2007-11-19,15.871213912963867,26.979999542236328,27.46999931335449,26.89999961853028,27.21999931335449,1807800
2007-11-20,16.059457778930664,27.299999237060547,27.46999931335449,26.8799991607666,26.979999542236328,3000000
2007-11-21,15.812383651733398,26.8799991607666,27.200000762939453,26.6200008392334,27.1299991607666,1626600
2007-11-23,15.888861656188965,27.01000022888184,27.15999984741211,26.75,27.11000061035156,454200
2007-11-26,15.971211433410645,27.14999961853028,28.0,26.959999084472656,26.959999084472656,2195200
2007-11-27,16.24181365966797,27.61000061035156,27.68000030517578,27.07999992370605,27.350000381469727,1844200
2007-11-28,16.377113342285156,27.84000015258789,28.0,27.290000915527344,27.76000022888184,1758200
2007-11-29,16.118282318115234,27.39999961853028,27.809999465942383,27.1200008392334,27.809999465942383,1625100
2007-11-30,16.335939407348633,27.770000457763672,27.959999084472656,27.3700008392334,27.670000076293945,1860300
2007-12-03,15.935924530029297,27.09000015258789,28.11000061035156,26.90999984741211,27.520000457763672,1752800
2007-12-04,16.035924911499023,27.26000022888184,27.479999542236328,26.8700008392334,26.8700008392334,997300
2007-12-05,15.924160957336426,27.06999969482422,27.739999771118164,26.989999771118164,27.459999084472656,1654000
2007-12-06,15.765325546264648,26.799999237060547,27.270000457763672,26.239999771118164,27.270000457763672,3073200
2007-12-07,15.747673988342283,26.770000457763672,27.229999542236328,26.65999984741211,26.799999237060547,1389800
2007-12-10,15.694735527038574,26.68000030517578,26.8700008392334,26.46999931335449,26.790000915527344,1132700
2007-12-11,15.38884735107422,26.15999984741211,27.209999084472656,26.1299991607666,26.770000457763672,1452600
2007-12-12,15.42414379119873,26.21999931335449,27.100000381469727,25.979999542236328,26.75,1799700
2007-12-13,15.482964515686035,26.31999969482422,26.350000381469727,26.059999465942383,26.13999938964844,1758100
2007-12-14,15.12412452697754,25.709999084472656,26.3799991607666,25.57999992370605,26.3799991607666,2301500
2007-12-17,15.200594902038574,25.84000015258789,26.299999237060547,25.5,25.549999237060547,1627500
2007-12-18,15.188830375671388,25.81999969482422,26.1200008392334,25.450000762939453,26.020000457763672,1979600
2007-12-19,15.206480026245115,25.850000381469727,26.049999237060547,25.64999961853028,25.8799991607666,1379300
2007-12-20,15.206480026245115,25.850000381469727,26.170000076293945,25.25,26.0,3030200
2007-12-21,15.265310287475586,25.950000762939453,26.440000534057617,25.76000022888184,26.11000061035156,1640200
2007-12-24,15.571208000183104,26.46999931335449,26.549999237060547,25.81999969482422,25.81999969482422,396300
2007-12-26,15.877090454101562,26.989999771118164,27.39999961853028,26.440000534057617,26.63999938964844,1583100
2007-12-27,15.518256187438965,26.3799991607666,27.11000061035156,26.3799991607666,26.96999931335449,1156000
2007-12-28,15.241778373718262,25.90999984741211,26.770000457763672,25.90999984741211,26.770000457763672,776500
2007-12-31,15.047654151916504,25.57999992370605,25.950000762939453,25.57999992370605,25.81999969482422,1243500
2008-01-02,14.706459045410156,25.0,25.770000457763672,24.8700008392334,25.520000457763672,1622100
2008-01-03,14.51821517944336,24.68000030517578,25.21999931335449,24.64999961853028,25.020000457763672,1156800
2008-01-04,13.965262413024902,23.739999771118164,24.489999771118164,23.670000076293945,24.450000762939453,3502600
2008-01-07,13.924084663391112,23.670000076293945,23.959999084472656,23.39999961853028,23.93000030517578,1518300
2008-01-08,13.777015686035156,23.420000076293945,23.950000762939453,23.25,23.75,3185600
2008-01-09,13.400529861450195,22.780000686645508,23.26000022888184,22.209999084472656,23.15999984741211,3651400
2008-01-10,13.700533866882324,23.290000915527344,23.76000022888184,22.530000686645508,22.71999931335449,2895600
2008-01-11,13.14169216156006,22.34000015258789,23.030000686645508,22.21999931335449,23.0,2362000
2008-01-14,13.241695404052734,22.51000022888184,22.65999984741211,22.38999938964844,22.46999931335449,1764400
2008-01-15,12.782855987548828,21.729999542236328,22.270000457763672,21.729999542236328,22.15999984741211,2529800
2008-01-16,13.577011108398438,23.07999992370605,23.350000381469727,21.700000762939453,21.799999237060547,4032200
2008-01-17,13.153459548950195,22.36000061035156,23.290000915527344,22.1299991607666,23.0,2585200
2008-01-18,13.429943084716797,22.82999992370605,23.0,22.290000915527344,22.46999931335449,3338600
2008-01-22,14.14173412322998,24.040000915527344,24.1200008392334,21.56999969482422,21.81999969482422,3549100
2008-01-23,14.624107360839844,24.86000061035156,25.0,23.229999542236328,23.43000030517578,3432500
2008-01-24,14.535866737365724,24.709999084472656,25.049999237060547,24.170000076293945,24.89999961853028,1911200
2008-01-25,14.088791847229004,23.950000762939453,24.940000534057617,23.76000022888184,24.780000686645508,2105100
2008-01-28,14.45350456237793,24.56999969482422,24.600000381469727,23.600000381469727,23.940000534057617,1673800
2008-01-29,14.488810539245604,24.6299991607666,24.71999931335449,24.07999992370605,24.71999931335449,2199300
2008-01-30,14.548017501831056,24.56999969482422,25.200000762939453,24.1299991607666,24.530000686645508,1722500
2008-01-31,15.376961708068848,25.96999931335449,26.31999969482422,24.1299991607666,24.1299991607666,3090500
2008-02-01,15.47170639038086,26.1299991607666,26.559999465942383,25.729999542236328,25.959999084472656,2080200
2008-02-04,15.234862327575684,25.729999542236328,26.1299991607666,25.549999237060547,26.040000915527344,1357700
2008-02-05,15.146040916442873,25.57999992370605,27.15999984741211,25.549999237060547,27.15999984741211,2440200
2008-02-06,14.65459442138672,24.75,25.700000762939453,24.690000534057617,25.700000762939453,2350700
2008-02-07,15.175651550292969,25.6299991607666,26.020000457763672,24.11000061035156,24.489999771118164,2530000
2008-02-08,15.317753791809082,25.8700008392334,26.3799991607666,25.65999984741211,25.89999961853028,2135600
2008-02-11,15.637484550476074,26.40999984741211,26.989999771118164,26.07999992370605,26.989999771118164,2986100
2008-02-12,15.951312065124512,26.940000534057617,27.280000686645508,26.549999237060547,26.549999237060547,1966800
2008-02-13,16.051963806152344,27.11000061035156,27.43000030517578,26.76000022888184,27.09000015258789,1536800
2008-02-14,15.62564754486084,26.38999938964844,27.170000076293945,26.36000061035156,27.170000076293945,1926000
2008-02-15,15.8506498336792,26.770000457763672,26.790000915527344,26.270000457763672,26.350000381469727,1392400
2008-02-19,15.47170639038086,26.1299991607666,27.13999938964844,26.020000457763672,27.01000022888184,1709700
2008-02-20,16.217756271362305,27.38999938964844,27.63999938964844,26.100000381469727,26.1299991607666,3454800
2008-02-21,15.82104206085205,26.71999931335449,27.88999938964844,26.64999961853028,27.88999938964844,1507700
2008-02-22,15.903935432434082,26.86000061035156,26.86000061035156,26.229999542236328,26.780000686645508,1542300
2008-02-25,16.18815040588379,27.34000015258789,27.3700008392334,26.530000686645508,26.93000030517578,1317000
2008-02-26,16.478275299072266,27.82999992370605,27.979999542236328,27.049999237060547,27.26000022888184,1637900
2008-02-27,16.028278350830078,27.06999969482422,27.920000076293945,27.030000686645508,27.71999931335449,1432800
2008-02-28,15.8447265625,26.76000022888184,27.14999961853028,26.61000061035156,27.100000381469727,1487500
2008-02-29,15.258541107177734,25.770000457763672,26.559999465942383,25.670000076293945,26.489999771118164,1918100
2008-03-03,15.359198570251465,25.940000534057617,25.959999084472656,25.39999961853028,25.709999084472656,1938500
2008-03-04,15.483543395996094,26.14999961853028,26.32999992370605,25.59000015258789,25.959999084472656,1635000
2008-03-05,15.76775360107422,26.6299991607666,27.0,25.989999771118164,26.18000030517578,2214000
2008-03-06,15.365121841430664,25.950000762939453,26.68000030517578,25.920000076293945,26.540000915527344,1179800
2008-03-07,15.323673248291016,25.8799991607666,26.5,25.6299991607666,25.93000030517578,1731300
2008-03-10,14.974334716796877,25.290000915527344,26.290000915527344,25.26000022888184,25.82999992370605,1979800
2008-03-11,15.726309776306152,26.559999465942383,26.559999465942383,25.56999969482422,25.940000534057617,1823800
2008-03-12,15.61380386352539,26.3700008392334,26.770000457763672,26.209999084472656,26.56999969482422,1485800
2008-03-13,15.998668670654297,27.020000457763672,27.209999084472656,25.920000076293945,25.940000534057617,2209500
2008-03-14,15.64341163635254,26.420000076293945,27.36000061035156,25.959999084472656,27.36000061035156,1410400
2008-03-17,15.495378494262695,26.170000076293945,26.56999969482422,25.96999931335449,26.09000015258789,1775500
2008-03-18,15.974981307983398,26.979999542236328,27.01000022888184,26.299999237060547,26.68000030517578,1511600
2008-03-19,16.01051139831543,27.040000915527344,27.850000381469727,27.040000915527344,27.059999465942383,1973700
2008-03-20,16.41315269470215,27.71999931335449,27.739999771118164,27.09000015258789,27.09000015258789,2306700
2008-03-24,16.85721778869629,28.46999931335449,28.96999931335449,27.65999984741211,27.75,1633500
2008-03-25,17.0644588470459,28.81999969482422,29.06999969482422,28.200000762939453,28.46999931335449,2123700
2008-03-26,16.614459991455078,28.059999465942383,28.68000030517578,27.63999938964844,28.600000381469727,1739400
2008-03-27,16.697357177734375,28.200000762939453,28.670000076293945,28.020000457763672,28.31999969482422,1569800
2008-03-28,16.679594039916992,28.170000076293945,28.540000915527344,28.06999969482422,28.14999961853028,1555200
2008-03-31,16.519718170166016,27.89999961853028,28.46999931335449,27.729999542236328,28.32999992370605,1628400
2008-04-01,17.330902099609375,29.270000457763672,29.299999237060547,28.14999961853028,28.14999961853028,2066300
2008-04-02,17.49669647216797,29.549999237060547,29.71999931335449,29.06999969482422,29.170000076293945,2243000
2008-04-03,17.840126037597656,30.1299991607666,30.36000061035156,29.1200008392334,29.309999465942383,2443900
2008-04-04,17.958539962768555,30.32999992370605,30.799999237060547,29.979999542236328,30.25,1425000
2008-04-07,17.923011779785156,30.270000457763672,30.76000022888184,29.979999542236328,30.61000061035156,1535700
2008-04-08,17.61511993408203,29.75,30.100000381469727,29.489999771118164,29.96999931335449,1751900
2008-04-09,17.390117645263672,29.3700008392334,29.979999542236328,29.32999992370605,29.940000534057617,1185100
2008-04-10,17.994070053100586,30.38999938964844,30.59000015258789,29.170000076293945,29.25,2213600
2008-04-11,17.579591751098633,29.690000534057617,30.479999542236328,29.420000076293945,30.26000022888184,1378500
2008-04-14,18.00590705871582,30.40999984741211,30.8799991607666,29.61000061035156,29.989999771118164,1920000
2008-04-15,17.87564468383789,30.190000534057617,30.670000076293945,30.0,30.670000076293945,1426600
2008-04-16,18.10064697265625,30.56999969482422,30.71999931335449,30.25,30.40999984741211,1689500
2008-04-17,18.17169761657715,30.690000534057617,30.84000015258789,30.21999931335449,30.489999771118164,1428300
2008-04-18,18.6809024810791,31.549999237060547,31.770000457763672,30.780000686645508,30.979999542236328,2461800
2008-04-21,20.51643753051757,34.650001525878906,35.06999969482422,32.5099983215332,32.79999923706055,8959400
2008-04-22,20.23814582824707,34.18000030517578,35.31999969482422,33.77000045776367,34.63999938964844,3073000
2008-04-23,20.078275680541992,33.90999984741211,34.25,33.619998931884766,34.25,2685500
2008-04-24,20.161170959472656,34.04999923706055,34.400001525878906,33.79999923706055,33.88999938964844,3758700
2008-04-25,20.717748641967773,34.9900016784668,35.04999923706055,33.86000061035156,34.18000030517578,2194400
2008-04-28,20.88945579528809,35.279998779296875,35.560001373291016,34.61000061035156,34.75,2747000
2008-04-29,21.30630111694336,35.779998779296875,35.9900016784668,35.0099983215332,35.15999984741211,2715900
2008-04-30,21.17528915405273,35.560001373291016,36.09999847412109,35.41999816894531,35.88999938964844,3586700
2008-05-01,21.51471710205078,36.130001068115234,36.20000076293945,35.5,35.58000183105469,3280100
2008-05-02,21.264617919921875,35.709999084472656,36.650001525878906,35.439998626708984,36.40999984741211,2374900
2008-05-05,21.234838485717773,35.65999984741211,35.93000030517578,35.29999923706055,35.79999923706055,3321600
2008-05-06,21.33606338500977,35.83000183105469,36.0,35.27000045776367,35.529998779296875,2761100
2008-05-07,20.7346305847168,34.81999969482422,36.0,34.720001220703125,35.849998474121094,3000400
2008-05-08,21.08596992492676,35.40999984741211,35.439998626708984,34.290000915527344,34.91999816894531,3308100
2008-05-09,21.18720245361328,35.58000183105469,35.66999816894531,34.709999084472656,34.97999954223633,2348000
2008-05-12,21.508760452270508,36.119998931884766,36.16999816894531,35.380001068115234,35.59000015258789,2478500
2008-05-13,21.991100311279297,36.93000030517578,37.13999938964844,36.16999816894531,36.31999969482422,3135000
2008-05-14,21.78863906860352,36.59000015258789,37.34999847412109,36.5,37.119998931884766,2646700
2008-05-15,22.14592742919922,37.18999862670898,37.29999923706055,36.45000076293945,36.63999938964844,1916000
2008-05-16,21.592124938964844,36.2599983215332,37.18999862670898,35.56999969482422,37.11000061035156,2542800
2008-05-19,21.199113845825195,35.599998474121094,36.380001068115234,35.4900016784668,36.220001220703125,2325100
2008-05-20,21.032373428344727,35.31999969482422,35.470001220703125,35.09000015258789,35.36000061035156,1938100
2008-05-21,20.502391815185547,34.43000030517578,35.599998474121094,34.06999969482422,35.349998474121094,2499400
2008-05-22,20.460712432861328,34.36000061035156,35.02000045776367,34.20000076293945,34.40999984741211,2242100
2008-05-23,20.43094253540039,34.310001373291016,34.540000915527344,33.84000015258789,34.18000030517578,1325500
2008-05-27,20.77036094665528,34.880001068115234,35.11000061035156,34.279998779296875,34.369998931884766,2259300
2008-05-28,20.823951721191406,34.970001220703125,35.310001373291016,34.81999969482422,35.029998779296875,1749600
2008-05-29,21.25865936279297,35.70000076293945,35.84000015258789,34.7599983215332,34.849998474121094,2858900
2008-05-30,21.580217361450195,36.2400016784668,36.27000045776367,35.41999816894531,35.58000183105469,2829600
2008-06-02,21.544492721557617,36.18000030517578,36.36000061035156,35.75,36.33000183105469,2370100
2008-06-03,22.062549591064453,37.04999923706055,37.2400016784668,36.25,36.400001525878906,3503600
2008-06-04,23.104639053344727,38.79999923706055,39.45000076293945,36.810001373291016,37.04999923706055,5134100
2008-06-05,23.39642906188965,39.290000915527344,39.29999923706055,38.29999923706055,38.7400016784668,3152400
2008-06-06,22.33648109436035,37.5099983215332,39.08000183105469,37.27000045776367,39.060001373291016,2716300
2008-06-09,22.8902645111084,38.43999862670898,38.59999847412109,37.43999862670898,37.790000915527344,1877800
2008-06-10,23.271385192871094,39.08000183105469,39.630001068115234,37.959999084472656,38.20000076293945,2850100
2008-06-11,22.30670928955078,37.459999084472656,39.0,37.34000015258789,38.880001068115234,2476200
2008-06-12,22.544902801513672,37.86000061035156,38.7400016784668,37.68000030517578,37.88999938964844,1231000
2008-06-13,23.22373962402344,39.0,39.56999969482422,37.7400016784668,38.18999862670898,1745700
2008-06-16,23.37261390686035,39.25,39.380001068115234,38.16999816894531,38.72999954223633,1318200
2008-06-17,23.152278900146484,38.880001068115234,39.470001220703125,38.540000915527344,39.400001525878906,2059000
2008-06-18,22.515121459960938,37.810001373291016,38.709999084472656,37.65999984741211,38.66999816894531,1779800
2008-06-19,22.62825965881348,38.0,38.33000183105469,37.59999847412109,37.66999816894531,1369500
2008-06-20,22.14592742919922,37.18999862670898,38.0,37.060001373291016,38.0,2291300
2008-06-23,21.991100311279297,36.93000030517578,37.59999847412109,36.83000183105469,37.43999862670898,1616200
2008-06-24,22.276933670043945,37.40999984741211,38.02999877929688,36.619998931884766,36.790000915527344,1967700
2008-06-25,22.765230178833008,38.22999954223633,38.83000183105469,37.59999847412109,37.709999084472656,2861900
2008-06-26,21.877954483032227,36.7400016784668,37.86000061035156,36.70000076293945,37.7400016784668,1993000
2008-06-27,20.925188064575195,35.13999938964844,36.970001220703125,34.77000045776367,36.970001220703125,4840700
2008-06-30,21.27056312561035,35.720001220703125,36.27999877929688,34.58000183105469,34.58000183105469,3643400
2008-07-01,21.056198120117188,35.36000061035156,35.970001220703125,34.59000015258789,35.58000183105469,2763700
2008-07-02,20.53217506408692,34.47999954223633,35.810001373291016,34.43000030517578,35.41999816894531,3155100
2008-07-03,20.77632522583008,34.88999938964844,35.34000015258789,34.310001373291016,34.939998626708984,1158200
2008-07-07,20.710813522338867,34.779998779296875,35.70000076293945,34.4900016784668,35.130001068115234,2352600
2008-07-08,21.347978591918945,35.849998474121094,35.86000061035156,34.439998626708984,34.93000030517578,1561400
2008-07-09,20.502391815185547,34.43000030517578,36.13999938964844,34.41999816894531,35.65999984741211,2500100
2008-07-10,20.371383666992188,34.209999084472656,34.849998474121094,33.75,34.02000045776367,2264900
2008-07-11,20.752498626708984,34.849998474121094,35.22999954223633,33.72999954223633,34.0,2418700
2008-07-14,20.823951721191406,34.970001220703125,35.380001068115234,34.560001373291016,35.09000015258789,2170600
2008-07-15,22.062549591064453,37.04999923706055,38.040000915527344,34.279998779296875,34.619998931884766,4451800
2008-07-16,21.663583755493164,36.380001068115234,36.95000076293945,35.7599983215332,36.84000015258789,3826200
2008-07-17,22.622297286987305,37.9900016784668,38.130001068115234,36.18000030517578,36.650001525878906,2883800
2008-07-18,22.622297286987305,37.9900016784668,39.97999954223633,37.290000915527344,38.220001220703125,3791400
2008-07-21,22.24120330810547,37.34999847412109,38.68000030517578,35.86000061035156,38.68000030517578,5063300
2008-07-22,23.062963485717773,38.72999954223633,38.9900016784668,36.84999847412109,37.27000045776367,3714600
2008-07-23,23.712034225463867,39.81999969482422,40.27000045776367,38.25,38.70000076293945,3611500
2008-07-24,23.729904174804688,39.84999847412109,40.47999954223633,39.09999847412109,39.75,2746200
2008-07-25,24.06337547302246,40.40999984741211,41.34999847412109,39.880001068115234,39.97999954223633,3837800
2008-07-28,22.717588424682617,38.150001525878906,39.560001373291016,37.95000076293945,38.560001373291016,3417800
2008-07-29,23.515527725219727,39.4900016784668,39.619998931884766,37.54999923706055,38.220001220703125,2630700
2008-07-30,23.719024658203125,39.630001068115234,40.459999084472656,39.22999954223633,39.31999969482422,2637400
2008-07-31,23.17438507080078,38.720001220703125,40.040000915527344,38.59999847412109,39.65999984741211,2848400
2008-08-01,23.198314666748047,38.7599983215332,39.150001525878906,38.0,39.02000045776367,1772400
2008-08-04,22.77337074279785,38.04999923706055,38.68999862670898,37.52999877929688,38.540000915527344,1978300
2008-08-05,24.04820442199707,40.18000030517578,40.18000030517578,38.18999862670898,38.18999862670898,2520200
2008-08-06,23.90455436706543,39.93999862670898,40.11000061035156,39.400001525878906,40.11000061035156,1866800
2008-08-07,23.16240692138672,38.70000076293945,39.61000061035156,38.2599983215332,39.61000061035156,2145000
2008-08-08,24.41927719116211,40.79999923706055,40.869998931884766,38.75,39.13999938964844,1668000
2008-08-11,24.305572509765625,40.61000061035156,41.68000030517578,40.31999969482422,40.95000076293945,1953800
2008-08-12,24.17389678955078,40.38999938964844,41.15999984741211,39.90999984741211,40.7400016784668,1605400
2008-08-13,23.593334197998047,39.41999816894531,40.02000045776367,38.59000015258789,40.02000045776367,1368200
2008-08-14,23.677122116088867,39.560001373291016,39.7400016784668,38.959999084472656,38.970001220703125,1396000
2008-08-15,23.75493812561035,39.68999862670898,40.290000915527344,38.95000076293945,39.7400016784668,1181900
2008-08-18,23.03672409057617,38.4900016784668,40.0,38.34999847412109,39.72999954223633,1206900
2008-08-19,22.31850814819336,37.290000915527344,37.650001525878906,36.0,36.13999938964844,2167500
2008-08-20,22.14493751525879,37.0,37.59000015258789,36.65999984741211,37.33000183105469,1263300
2008-08-21,21.73794937133789,36.31999969482422,36.959999084472656,35.95000076293945,36.459999084472656,2423400
2008-08-22,21.9175033569336,36.619998931884766,36.880001068115234,36.02000045776367,36.5,1912400
2008-08-25,21.486570358276367,35.900001525878906,36.59000015258789,35.709999084472656,36.59000015258789,1516400
2008-08-26,21.35490226745605,35.68000030517578,35.91999816894531,35.2599983215332,35.91999816894531,1857900
2008-08-27,21.648164749145508,36.16999816894531,36.34999847412109,35.45000076293945,35.70000076293945,1503300
2008-08-28,22.03122329711914,36.810001373291016,37.06999969482422,36.16999816894531,36.5,1276500
2008-08-29,22.38434410095215,37.400001525878906,37.54999923706055,36.41999816894531,36.43000030517578,2250100
2008-09-02,22.755416870117188,38.02000045776367,38.93000030517578,37.43000030517578,37.63999938964844,3725700
2008-09-03,22.95292854309082,38.34999847412109,38.7400016784668,38.02000045776367,38.040000915527344,1835800
2008-09-04,22.216758728027344,37.119998931884766,38.29999923706055,37.119998931884766,38.22999954223633,1666800
2008-09-05,22.156906127929688,37.02000045776367,37.13999938964844,36.25,36.880001068115234,2213300
2008-09-08,22.803298950195312,38.09999847412109,38.130001068115234,37.34000015258789,37.93000030517578,2174300
2008-09-09,22.57586479187012,37.720001220703125,38.790000915527344,37.59000015258789,38.27999877929688,2575700
2008-09-10,23.00678825378418,38.43999862670898,38.88999938964844,37.7599983215332,38.27999877929688,2695000
2008-09-11,22.93497657775879,38.31999969482422,38.43000030517578,37.22999954223633,37.86000061035156,2373400
2008-09-12,22.67163276672364,37.880001068115234,38.25,37.45000076293945,37.86000061035156,1715200
2008-09-15,22.42623710632324,37.470001220703125,38.290000915527344,36.95000076293945,37.5099983215332,2734700
2008-09-16,22.80927848815918,38.11000061035156,38.47999954223633,33.22999954223633,36.540000915527344,3272500
2008-09-17,21.923484802246094,36.630001068115234,37.810001373291016,36.58000183105469,37.58000183105469,3201800
2008-09-18,22.1269760131836,36.970001220703125,37.880001068115234,35.08000183105469,37.40999984741211,4998800
2008-09-19,21.875606536865234,36.54999923706055,41.5,35.790000915527344,36.08000183105469,4627000
2008-09-22,21.70203399658203,36.2599983215332,37.9900016784668,36.18000030517578,36.220001220703125,2039900
2008-09-23,21.71401023864746,36.27999877929688,36.91999816894531,36.130001068115234,36.650001525878906,1680100
2008-09-24,21.57634735107422,36.04999923706055,36.7400016784668,35.66999816894531,36.34000015258789,1482300
2008-09-25,21.558399200439453,36.02000045776367,37.29999923706055,35.810001373291016,36.27999877929688,2108100
2008-09-26,21.34292984008789,35.65999984741211,35.97999954223633,35.04999923706055,35.470001220703125,1547200
2008-09-29,20.349395751953125,34.0,35.810001373291016,33.22999954223633,34.79999923706055,3056300
2008-09-30,20.78032875061035,34.720001220703125,35.279998779296875,33.22999954223633,34.119998931884766,2534700
2008-10-01,20.57084846496582,34.369998931884766,34.709999084472656,33.7599983215332,34.650001525878906,1484700
2008-10-02,19.661109924316406,32.849998474121094,34.33000183105469,32.470001220703125,34.310001373291016,2445300
2008-10-03,19.65512466430664,32.84000015258789,33.84000015258789,32.72999954223633,33.209999084472656,2421500
2008-10-06,18.984792709350582,31.71999931335449,32.7400016784668,30.56999969482422,32.11000061035156,2622400
2008-10-07,18.26059532165528,30.51000022888184,32.310001373291016,30.5,31.93000030517578,3127600
2008-10-08,19.03268051147461,31.799999237060547,33.470001220703125,30.049999237060547,30.739999771118164,4744000
2008-10-09,17.20122718811035,28.739999771118164,31.799999237060547,28.32999992370605,30.959999084472656,4895700
2008-10-10,17.955354690551758,30.0,30.84000015258789,27.020000457763672,27.6299991607666,4793700
2008-10-13,18.553869247436523,31.0,31.0,30.01000022888184,30.600000381469727,2798400
2008-10-14,17.943376541137695,29.979999542236328,35.0,29.11000061035156,35.0,2831200
2008-10-15,17.057588577270508,28.5,30.11000061035156,28.100000381469727,29.540000915527344,2207300
2008-10-16,18.009218215942383,30.09000015258789,30.190000534057617,27.959999084472656,28.43000030517578,3912400
2008-10-17,18.027177810668945,30.1200008392334,31.049999237060547,29.34000015258789,29.89999961853028,2646500
2008-10-20,17.279037475585938,28.8700008392334,31.0,27.3700008392334,31.0,3680700
2008-10-21,17.47654914855957,29.200000762939453,29.68000030517578,28.170000076293945,28.290000915527344,3299800
2008-10-22,16.141862869262695,26.96999931335449,28.799999237060547,26.309999465942383,28.799999237060547,3353200
2008-10-23,16.261566162109375,27.170000076293945,27.34000015258789,25.6200008392334,27.01000022888184,3048600
2008-10-24,15.62713623046875,26.11000061035156,26.690000534057617,25.040000915527344,25.11000061035156,2335500
2008-10-27,15.531381607055664,25.950000762939453,26.63999938964844,25.239999771118164,25.86000061035156,1945400
2008-10-28,17.045616149902344,28.479999542236328,28.479999542236328,24.850000381469727,26.280000686645508,2933700
2008-10-29,17.25510025024414,28.82999992370605,29.8799991607666,27.89999961853028,28.5,2276500
2008-10-30,17.032102584838867,28.26000022888184,29.530000686645508,26.96999931335449,29.280000686645508,3668000
2008-10-31,17.53233528137207,29.09000015258789,29.600000381469727,27.709999084472656,27.709999084472656,2726700
2008-11-03,16.345029830932617,27.1200008392334,29.40999984741211,26.950000762939453,29.200000762939453,2910600
2008-11-04,17.02004623413086,28.239999771118164,28.309999465942383,26.940000534057617,27.31999969482422,2606300
2008-11-05,16.9356689453125,28.100000381469727,28.61000061035156,27.790000915527344,27.84000015258789,2389000
2008-11-06,16.748828887939453,27.790000915527344,28.239999771118164,27.46999931335449,27.989999771118164,2648400
2008-11-07,16.712671279907227,27.729999542236328,28.1299991607666,27.0,28.040000915527344,1797900
2008-11-10,16.17626953125,26.84000015258789,28.280000686645508,26.489999771118164,28.06999969482422,2208700
2008-11-11,15.905062675476074,26.38999938964844,27.030000686645508,25.6200008392334,26.3799991607666,1659200
2008-11-12,15.10348415374756,25.059999465942383,26.040000915527344,24.950000762939453,25.90999984741211,2224300
2008-11-13,16.513782501220703,27.39999961853028,27.450000762939453,24.65999984741211,24.950000762939453,4145000
2008-11-14,16.236541748046875,26.940000534057617,27.950000762939453,26.5,27.38999938964844,2631500
2008-11-17,15.10348415374756,25.059999465942383,26.32999992370605,25.0,26.209999084472656,2016300
2008-11-18,14.982943534851074,24.86000061035156,25.51000022888184,24.1299991607666,25.43000030517578,2209100
2008-11-19,13.92220973968506,23.100000381469727,24.850000381469727,22.89999961853028,24.6200008392334,2845300
2008-11-20,13.578670501708984,22.530000686645508,24.100000381469727,22.21999931335449,23.059999465942383,2925200
2008-11-21,14.729811668395996,24.440000534057617,24.51000022888184,21.940000534057617,22.770000457763672,3238500
2008-11-24,15.742340087890623,26.1200008392334,26.5,24.350000381469727,24.729999542236328,2326300
2008-11-25,15.772465705871582,26.170000076293945,27.14999961853028,25.07999992370605,26.61000061035156,2287900
2008-11-26,16.44748878479004,27.290000915527344,27.43000030517578,25.3799991607666,25.5,2171100
2008-11-28,16.152162551879883,26.799999237060547,27.39999961853028,26.5,27.190000534057617,834700
2008-12-01,15.368658065795898,25.5,26.600000381469727,25.5,26.43000030517578,2247700
2008-12-02,15.9171142578125,26.40999984741211,26.40999984741211,25.11000061035156,25.75,2110400
2008-12-03,16.33900260925293,27.11000061035156,27.290000915527344,25.75,25.93000030517578,1796400
2008-12-04,16.254623413085938,26.96999931335449,27.64999961853028,26.489999771118164,26.57999992370605,1598000
2008-12-05,16.778968811035156,27.84000015258789,28.030000686645508,26.34000015258789,26.459999084472656,1796100
2008-12-08,17.243043899536133,28.61000061035156,29.07999992370605,27.14999961853028,28.309999465942383,2126100
2008-12-09,16.917585372924805,28.06999969482422,28.8799991607666,28.0,28.3700008392334,1562000
2008-12-10,16.917585372924805,28.06999969482422,28.5,27.690000534057617,28.1299991607666,1469200
2008-12-11,16.495708465576172,27.3700008392334,28.350000381469727,27.15999984741211,28.270000457763672,1524200
2008-12-12,16.296812057495117,27.040000915527344,27.350000381469727,26.549999237060547,27.0,1594700
2008-12-15,16.459537506103516,27.309999465942383,27.559999465942383,26.690000534057617,27.36000061035156,1876300
2008-12-16,17.39974021911621,28.8700008392334,28.950000762939453,27.26000022888184,27.40999984741211,2688700
2008-12-17,17.4539852142334,28.959999084472656,29.540000915527344,28.350000381469727,29.0,1881600
2008-12-18,17.255094528198242,28.6299991607666,29.59000015258789,28.21999931335449,29.489999771118164,1816300
2008-12-19,17.580551147460938,29.170000076293945,29.59000015258789,28.489999771118164,28.93000030517578,2285100
2008-12-22,17.363582611083984,28.809999465942383,29.459999084472656,28.39999961853028,29.170000076293945,2349600
2008-12-23,17.472064971923828,28.989999771118164,29.690000534057617,28.459999084472656,28.6200008392334,1672300
2008-12-24,17.556440353393555,29.1299991607666,29.670000076293945,28.8799991607666,29.5,472300
2008-12-26,17.5022029876709,29.040000915527344,29.299999237060547,28.71999931335449,29.030000686645508,515200
2008-12-29,17.05620765686035,28.299999237060547,29.18000030517578,28.100000381469727,29.01000022888184,1683000
2008-12-30,17.490144729614258,29.020000457763672,29.040000915527344,28.13999938964844,28.38999938964844,1677200
2008-12-31,17.580551147460938,29.170000076293945,29.31999969482422,28.81999969482422,29.09000015258789,1314800
2009-01-02,17.839706420898438,29.600000381469727,29.90999984741211,28.709999084472656,29.36000061035156,1253400
2009-01-05,17.73122215270996,29.420000076293945,29.739999771118164,28.81999969482422,29.63999938964844,1887500
2009-01-06,17.646846771240234,29.280000686645508,29.690000534057617,28.670000076293945,29.43000030517578,2099100
2009-01-07,17.84572982788086,29.61000061035156,29.739999771118164,28.420000076293945,28.63999938964844,3111700
2009-01-08,17.417823791503906,28.89999961853028,29.440000534057617,28.049999237060547,29.31999969482422,2623200
2009-01-09,16.86334228515625,27.979999542236328,28.850000381469727,27.850000381469727,28.850000381469727,1683200
2009-01-12,16.393253326416016,27.200000762939453,28.13999938964844,26.989999771118164,27.90999984741211,2014300
2009-01-13,16.266674041748047,26.989999771118164,27.459999084472656,26.549999237060547,27.11000061035156,2181800
2009-01-14,15.95328140258789,26.46999931335449,26.739999771118164,26.059999465942383,26.690000534057617,1761500
2009-01-15,16.182300567626953,26.850000381469727,27.1299991607666,25.950000762939453,26.350000381469727,1743400
2009-01-16,16.20640754699707,26.88999938964844,27.09000015258789,26.32999992370605,27.049999237060547,1464000
2009-01-20,15.573580741882324,25.84000015258789,26.950000762939453,25.799999237060547,26.559999465942383,1938200
2009-01-21,16.242568969726562,26.950000762939453,26.959999084472656,25.790000915527344,26.06999969482422,2419700
2009-01-22,15.78452205657959,26.190000534057617,26.56999969482422,25.75,26.3799991607666,1904500
2009-01-23,15.573580741882324,25.84000015258789,26.25,25.479999542236328,25.709999084472656,1332900
2009-01-26,15.633853912353516,25.940000534057617,26.479999542236328,25.459999084472656,25.920000076293945,1128400
2009-01-27,15.706172943115234,26.059999465942383,26.309999465942383,25.700000762939453,25.959999084472656,1101200
2009-01-28,16.043684005737305,26.6200008392334,26.670000076293945,26.059999465942383,26.209999084472656,1332700
2009-01-29,15.368658065795898,25.5,26.530000686645508,25.290000915527344,26.1299991607666,1665800
2009-01-30,14.657940864562988,24.1299991607666,25.520000457763672,24.030000686645508,25.520000457763672,2414300
2009-02-02,13.321535110473633,21.93000030517578,22.549999237060547,21.68000030517578,22.46999931335449,6743000
2009-02-03,13.692083358764648,22.540000915527344,22.68000030517578,21.700000762939453,22.01000022888184,2746700
2009-02-04,13.72245979309082,22.59000015258789,22.71999931335449,21.89999961853028,22.40999984741211,1881100
2009-02-05,14.165901184082031,23.31999969482422,23.56999969482422,22.38999938964844,22.540000915527344,4561000
2009-02-06,14.299542427062988,23.540000915527344,23.770000457763672,23.01000022888184,23.200000762939453,2859600
2009-02-09,15.228949546813965,25.06999969482422,25.489999771118164,23.56999969482422,23.56999969482422,5320800
2009-02-10,14.718690872192385,24.229999542236328,25.1200008392334,24.15999984741211,24.790000915527344,3590100
2009-02-11,14.682236671447754,24.170000076293945,24.309999465942383,23.920000076293945,24.18000030517578,2872400
2009-02-12,14.58504867553711,24.01000022888184,24.14999961853028,23.18000030517578,23.84000015258789,3410700
2009-02-13,14.457481384277344,23.799999237060547,24.36000061035156,23.739999771118164,24.049999237060547,2154700
2009-02-17,14.281319618225098,23.51000022888184,23.850000381469727,21.68000030517578,23.46999931335449,3163800
2009-02-18,14.171978950500488,23.32999992370605,23.700000762939453,23.020000457763672,23.700000762939453,2935600
2009-02-19,14.050484657287598,23.1299991607666,24.030000686645508,23.01000022888184,23.459999084472656,3623700
2009-02-20,14.093008995056152,23.200000762939453,23.549999237060547,22.799999237060547,23.0,5298400
2009-02-23,13.667778968811035,22.5,23.350000381469727,22.40999984741211,23.200000762939453,3189800
2009-02-24,13.892544746398926,22.8700008392334,23.040000915527344,22.36000061035156,22.709999084472656,3616300
2009-02-25,13.96544075012207,22.989999771118164,23.450000762939453,22.170000076293945,22.729999542236328,4359600
2009-02-26,13.716383934020996,22.57999992370605,23.46999931335449,22.46999931335449,23.1299991607666,2849000
2009-02-27,13.904699325561523,22.88999938964844,23.530000686645508,22.1200008392334,22.31999969482422,3298900
2009-03-02,13.673857688903809,22.51000022888184,23.0,22.32999992370605,22.739999771118164,3455900
2009-03-03,13.509847640991213,22.239999771118164,22.96999931335449,22.1200008392334,22.799999237060547,5406600
2009-03-04,13.619189262390137,22.420000076293945,22.809999465942383,21.600000381469727,22.57999992370605,4462200
2009-03-05,13.364058494567873,22.0,22.56999969482422,21.790000915527344,21.979999542236328,5132600
2009-03-06,13.40658187866211,22.06999969482422,22.36000061035156,21.43000030517578,21.940000534057617,3479300
2009-03-09,12.9509859085083,21.31999969482422,22.1200008392334,21.13999938964844,21.920000076293945,2772900
2009-03-10,13.576665878295898,22.350000381469727,22.440000534057617,21.31999969482422,21.59000015258789,2676500
2009-03-11,13.40050983428955,22.059999465942383,22.6299991607666,21.89999961853028,22.31999969482422,2506300
2009-03-12,14.020113945007324,23.07999992370605,23.18000030517578,21.84000015258789,21.979999542236328,2145100
2009-03-13,14.123380661010742,23.25,23.39999961853028,22.8799991607666,23.209999084472656,1957300
2009-03-16,13.837876319885254,22.780000686645508,23.459999084472656,22.700000762939453,23.40999984741211,2430100
2009-03-17,14.086934089660645,23.190000534057617,23.190000534057617,22.489999771118164,22.71999931335449,1939000
2009-03-18,14.396732330322266,23.700000762939453,23.940000534057617,22.8700008392334,23.32999992370605,2748500
2009-03-19,14.396732330322266,23.700000762939453,23.86000061035156,23.270000457763672,23.86000061035156,1619800
2009-03-20,14.15375804901123,23.299999237060547,23.950000762939453,23.190000534057617,23.709999084472656,1973200
2009-03-23,14.451403617858888,23.790000915527344,23.809999465942383,23.170000076293945,23.40999984741211,2306400
2009-03-24,13.922921180725098,22.920000076293945,23.700000762939453,22.8700008392334,23.459999084472656,2727400
2009-03-25,14.615419387817385,24.059999465942383,24.32999992370605,23.09000015258789,23.09000015258789,2839300
2009-03-26,15.344366073608398,25.26000022888184,25.559999465942383,24.13999938964844,24.25,3335700
2009-03-27,15.465856552124023,25.459999084472656,25.75,25.1299991607666,25.1299991607666,2385800
2009-03-30,15.143915176391602,24.93000030517578,25.32999992370605,24.290000915527344,24.8700008392334,3388600
2009-03-31,15.228949546813965,25.06999969482422,25.56999969482422,24.75,25.479999542236328,2333100
2009-04-01,15.332215309143066,25.239999771118164,25.350000381469727,24.76000022888184,24.93000030517578,2185200
2009-04-02,16.018644332885742,26.3700008392334,26.88999938964844,25.450000762939453,25.450000762939453,2393500
2009-04-03,16.243398666381836,26.739999771118164,26.739999771118164,26.09000015258789,26.489999771118164,1817200
2009-04-06,16.298078536987305,26.82999992370605,26.950000762939453,26.25,26.6200008392334,1650800
2009-04-07,15.605578422546388,25.690000534057617,26.700000762939453,25.61000061035156,26.520000457763672,1380300
2009-04-08,15.860710144042969,26.11000061035156,26.299999237060547,25.65999984741211,25.65999984741211,1986900
2009-04-09,16.316301345825195,26.86000061035156,26.86000061035156,26.270000457763672,26.549999237060547,1257900
2009-04-13,16.213031768798828,26.690000534057617,26.84000015258789,26.32999992370605,26.780000686645508,915400
2009-04-14,15.605578422546388,25.690000534057617,26.5,25.6299991607666,26.31999969482422,1732000
2009-04-15,15.520527839660645,25.549999237060547,26.1200008392334,25.26000022888184,25.690000534057617,1508000
2009-04-16,15.90929889678955,26.190000534057617,26.38999938964844,25.559999465942383,25.770000457763672,2055700
2009-04-17,16.954143524169922,27.90999984741211,28.020000457763672,26.34000015258789,26.38999938964844,3413800
2009-04-20,16.498537063598633,27.15999984741211,29.229999542236328,26.809999465942383,27.489999771118164,3410800
2009-04-21,16.07331085205078,26.459999084472656,26.600000381469727,26.01000022888184,26.32999992370605,3380700
2009-04-22,16.814414978027344,27.68000030517578,28.26000022888184,26.420000076293945,26.530000686645508,3578600
2009-04-23,16.626102447509766,27.3700008392334,27.690000534057617,26.809999465942383,27.670000076293945,1977000
2009-04-24,16.856931686401367,27.75,28.25,27.350000381469727,27.63999938964844,1402600
2009-04-27,16.644323348999023,27.39999961853028,27.940000534057617,27.170000076293945,27.56999969482422,1752700
2009-04-28,16.832643508911133,27.709999084472656,28.1200008392334,27.0,27.1299991607666,1479800
2009-04-29,17.49346351623535,28.59000015258789,28.93000030517578,27.739999771118164,27.790000915527344,1735800
2009-04-30,16.312549591064453,26.65999984741211,28.88999938964844,26.39999961853028,28.86000061035156,4806600
2009-05-01,16.42879867553711,26.850000381469727,27.059999465942383,25.82999992370605,26.6200008392334,4400400
2009-05-04,17.0345516204834,27.84000015258789,27.8700008392334,26.8700008392334,27.0,3812100
2009-05-05,17.47510528564453,28.559999465942383,28.670000076293945,27.51000022888184,27.799999237060547,2799100
2009-05-06,16.997846603393555,27.780000686645508,29.059999465942383,27.459999084472656,28.6200008392334,2330000
2009-05-07,16.202409744262695,26.479999542236328,28.170000076293945,26.270000457763672,28.059999465942383,3343300
2009-05-08,15.945422172546388,26.059999465942383,26.89999961853028,25.64999961853028,26.56999969482422,3020500
2009-05-11,15.54770278930664,25.40999984741211,25.90999984741211,25.1299991607666,25.6299991607666,2696800
2009-05-12,15.192813873291016,24.82999992370605,25.61000061035156,24.600000381469727,25.59000015258789,2185200
2009-05-13,14.379026412963867,23.5,24.64999961853028,23.38999938964844,24.59000015258789,3589300
2009-05-14,14.14651107788086,23.1200008392334,24.059999465942383,23.030000686645508,23.68000030517578,2606000
2009-05-15,14.030256271362305,22.93000030517578,23.34000015258789,22.459999084472656,23.040000915527344,4785200
2009-05-18,14.629891395568848,23.90999984741211,23.90999984741211,23.030000686645508,23.1299991607666,3342100
2009-05-19,14.691086769104004,24.01000022888184,24.26000022888184,23.520000457763672,24.059999465942383,2239100
2009-05-20,14.348438262939451,23.450000762939453,24.440000534057617,23.32999992370605,24.1200008392334,2480100
2009-05-21,13.81610870361328,22.57999992370605,23.190000534057617,22.270000457763672,23.170000076293945,2563300
2009-05-22,13.913999557495115,22.739999771118164,23.5,22.57999992370605,23.049999237060547,2116100
2009-05-26,14.42797565460205,23.57999992370605,23.8700008392334,22.65999984741211,22.65999984741211,3039200
2009-05-27,14.177104949951172,23.170000076293945,23.729999542236328,23.049999237060547,23.729999542236328,3658000
2009-05-28,14.538111686706545,23.76000022888184,23.90999984741211,22.979999542236328,23.5,3686100
2009-05-29,15.54770278930664,25.40999984741211,25.40999984741211,23.76000022888184,23.809999465942383,4583800
2009-06-01,15.92094612121582,26.020000457763672,26.290000915527344,25.43000030517578,25.549999237060547,4312300
2009-06-02,15.914831161499023,26.01000022888184,26.489999771118164,25.770000457763672,26.200000762939453,2789600
2009-06-03,15.6333589553833,25.549999237060547,26.26000022888184,25.170000076293945,26.26000022888184,3170300
2009-06-04,15.69455623626709,25.64999961853028,25.809999465942383,24.950000762939453,25.809999465942383,2733500
2009-06-05,15.541585922241213,25.39999961853028,25.89999961853028,25.15999984741211,25.89999961853028,2411000
2009-06-08,15.52322483062744,25.3700008392334,25.51000022888184,24.920000076293945,25.489999771118164,2546200
2009-06-09,15.572173118591309,25.450000762939453,25.59000015258789,25.059999465942383,25.5,2226700
2009-06-10,15.902586936950684,25.989999771118164,26.520000457763672,25.450000762939453,25.64999961853028,4205100
2009-06-11,15.927068710327148,26.030000686645508,26.38999938964844,25.8700008392334,26.059999465942383,2403800
2009-06-12,15.35190200805664,25.09000015258789,25.64999961853028,24.739999771118164,25.489999771118164,3272700
2009-06-15,15.076565742492676,24.63999938964844,25.32999992370605,24.40999984741211,25.07999992370605,2734900
2009-06-16,14.85628604888916,24.280000686645508,25.040000915527344,24.280000686645508,24.920000076293945,2062800
2009-06-17,15.174457550048828,24.799999237060547,25.1299991607666,24.280000686645508,24.38999938964844,2227900
2009-06-18,15.156108856201172,24.770000457763672,25.09000015258789,24.61000061035156,24.8700008392334,1492300
2009-06-19,15.382498741149902,25.13999938964844,25.459999084472656,25.01000022888184,25.420000076293945,2265500
2009-06-22,14.868526458740234,24.299999237060547,25.059999465942383,24.299999237060547,25.0,2377900
2009-06-23,14.666605949401855,23.96999931335449,24.549999237060547,23.75,24.549999237060547,2585200
2009-06-24,14.544234275817873,23.770000457763672,24.450000762939453,23.59000015258789,24.11000061035156,2019200
2009-06-25,14.929712295532228,24.39999961853028,24.479999542236328,23.530000686645508,23.799999237060547,2100400
2009-06-26,14.97254467010498,24.46999931335449,24.75,24.170000076293945,24.46999931335449,2133500
2009-06-29,14.97254467010498,24.46999931335449,24.76000022888184,23.90999984741211,24.6299991607666,3039000
2009-06-30,14.831814765930176,24.239999771118164,24.76000022888184,24.09000015258789,24.6200008392334,2264400
2009-07-01,15.070442199707031,24.6299991607666,24.790000915527344,24.26000022888184,24.39999961853028,1518500
2009-07-02,14.611538887023926,23.8799991607666,24.6299991607666,23.8700008392334,24.440000534057617,2073800
2009-07-06,14.42185878753662,23.56999969482422,24.0,23.270000457763672,23.780000686645508,2090700
2009-07-07,14.097562789916992,23.040000915527344,23.520000457763672,23.0,23.459999084472656,1577200
2009-07-08,14.177104949951172,23.170000076293945,23.21999931335449,22.790000915527344,23.0,2035600
2009-07-09,14.177104949951172,23.170000076293945,23.3700008392334,22.920000076293945,23.309999465942383,2009400
2009-07-10,14.189348220825195,23.190000534057617,23.31999969482422,22.920000076293945,23.1200008392334,2014400
2009-07-13,14.495281219482422,23.690000534057617,23.790000915527344,22.920000076293945,23.26000022888184,2330800
2009-07-14,14.599294662475586,23.86000061035156,23.920000076293945,23.350000381469727,23.690000534057617,2167100
2009-07-15,14.984774589538574,24.489999771118164,24.530000686645508,23.89999961853028,24.07999992370605,1907900
2009-07-16,15.156108856201172,24.770000457763672,24.84000015258789,24.299999237060547,24.39999961853028,2053200
2009-07-17,15.529349327087402,25.3799991607666,25.600000381469727,24.89999961853028,24.89999961853028,3938400
2009-07-20,16.184049606323242,26.450000762939453,26.850000381469727,25.93000030517578,26.46999931335449,5697300
2009-07-21,16.141220092773438,26.3799991607666,26.770000457763672,25.93000030517578,26.450000762939453,2101400
2009-07-22,16.01272964477539,26.170000076293945,26.540000915527344,25.809999465942383,26.32999992370605,2294400
2009-07-23,16.28195571899414,26.61000061035156,26.61000061035156,25.950000762939453,26.14999961853028,2513200
2009-07-24,16.208524703979492,26.489999771118164,26.64999961853028,25.950000762939453,26.530000686645508,2425600
2009-07-27,16.06167221069336,26.25,26.600000381469727,25.65999984741211,26.530000686645508,2096400
2009-07-28,15.92094612121582,26.020000457763672,26.209999084472656,25.86000061035156,26.100000381469727,1505900
2009-07-29,16.086151123046875,26.290000915527344,26.39999961853028,25.8700008392334,25.950000762939453,1884700
2009-07-30,16.12930679321289,26.15999984741211,26.65999984741211,26.11000061035156,26.479999542236328,1917300
2009-07-31,16.338939666748047,26.5,26.96999931335449,26.14999961853028,26.14999961853028,2434500
2009-08-03,16.17862892150879,26.239999771118164,26.8799991607666,26.13999938964844,26.8799991607666,2404600
2009-08-04,16.25879669189453,26.3700008392334,26.3700008392334,26.14999961853028,26.239999771118164,1908300
2009-08-05,16.135480880737305,26.170000076293945,26.6200008392334,25.90999984741211,26.299999237060547,1734000
2009-08-06,16.14780616760254,26.190000534057617,26.46999931335449,26.049999237060547,26.34000015258789,1702000
2009-08-07,16.628734588623047,26.96999931335449,27.06999969482422,26.3799991607666,26.520000457763672,1521000
2009-08-10,16.499248504638672,26.76000022888184,27.1299991607666,26.5,27.1299991607666,2102100
2009-08-11,16.369773864746094,26.549999237060547,26.71999931335449,26.36000061035156,26.700000762939453,1517700
2009-08-12,16.27729034423828,26.39999961853028,26.8700008392334,26.309999465942383,26.56999969482422,1972100
2009-08-13,16.59173583984375,26.90999984741211,26.979999542236328,26.290000915527344,26.559999465942383,1804700
2009-08-14,16.406766891479492,26.61000061035156,27.020000457763672,26.440000534057617,27.01000022888184,1393600
2009-08-17,16.030662536621094,26.0,26.420000076293945,25.93000030517578,26.420000076293945,2021800
2009-08-18,16.086153030395508,26.09000015258789,26.299999237060547,25.89999961853028,26.11000061035156,1658300
2009-08-19,16.098487854003906,26.11000061035156,26.209999084472656,25.71999931335449,25.93000030517578,1534500
2009-08-20,15.987502098083496,25.93000030517578,26.190000534057617,25.81999969482422,26.07999992370605,1853000
2009-08-21,16.653392791748047,27.01000022888184,27.01000022888184,26.01000022888184,26.01000022888184,2231600
2009-08-24,16.801366806030273,27.25,27.3799991607666,26.96999931335449,27.049999237060547,2905100
2009-08-25,17.128143310546875,27.780000686645508,27.850000381469727,27.21999931335449,27.36000061035156,2104700
2009-08-26,17.15896987915039,27.82999992370605,28.0,27.549999237060547,27.71999931335449,2195100
2009-08-27,17.331613540649414,28.11000061035156,28.280000686645508,27.6200008392334,27.709999084472656,2629500
2009-08-28,17.46725845336914,28.32999992370605,28.39999961853028,28.07999992370605,28.26000022888184,2670700
2009-08-31,17.504255294799805,28.38999938964844,28.450000762939453,27.88999938964844,28.40999984741211,3403000
2009-09-01,17.18980598449707,27.8799991607666,28.75,27.65999984741211,28.280000686645508,4244600
2009-09-02,17.078813552856445,27.700000762939453,28.0,27.6299991607666,27.850000381469727,2483900
2009-09-03,17.528907775878906,28.43000030517578,28.479999542236328,27.65999984741211,27.780000686645508,3291200
2009-09-04,17.689220428466797,28.690000534057617,28.739999771118164,28.350000381469727,28.440000534057617,2285300
2009-09-08,17.76320457458496,28.809999465942383,29.09000015258789,28.670000076293945,28.850000381469727,2430700
2009-09-09,17.633726119995117,28.600000381469727,28.90999984741211,28.3700008392334,28.88999938964844,2471700
2009-09-10,17.535079956054688,28.440000534057617,28.700000762939453,28.280000686645508,28.700000762939453,2299600
2009-09-11,17.49191665649414,28.3700008392334,28.600000381469727,28.21999931335449,28.520000457763672,1590700
2009-09-14,17.72620964050293,28.75,28.75,28.1200008392334,28.26000022888184,2328200
2009-09-15,17.633726119995117,28.600000381469727,28.8799991607666,28.46999931335449,28.709999084472656,2404900
2009-09-16,17.76320457458496,28.809999465942383,29.040000915527344,28.65999984741211,28.65999984741211,2851800
2009-09-17,17.72620964050293,28.75,28.979999542236328,28.520000457763672,28.75,2461100
2009-09-18,17.818702697753906,28.89999961853028,29.36000061035156,28.76000022888184,28.920000076293945,2685100
2009-09-21,17.57206916809082,28.5,28.809999465942383,28.46999931335449,28.809999465942383,1395800
2009-09-22,17.510412216186523,28.39999961853028,28.780000686645508,28.229999542236328,28.690000534057617,2128700
2009-09-23,17.18980598449707,27.8799991607666,28.670000076293945,27.809999465942383,28.600000381469727,2707000
2009-09-24,16.838363647460938,27.309999465942383,28.049999237060547,27.209999084472656,28.049999237060547,2849000
2009-09-25,16.758203506469727,27.18000030517578,27.3799991607666,26.979999542236328,27.32999992370605,1896700
2009-09-28,16.770538330078125,27.200000762939453,27.6299991607666,27.13999938964844,27.350000381469727,2024000
2009-09-29,16.97400665283203,27.530000686645508,27.76000022888184,27.280000686645508,27.3799991607666,1789600
2009-09-30,17.109649658203125,27.75,27.809999465942383,27.1200008392334,27.6299991607666,2526600
2009-10-01,16.80753517150879,27.26000022888184,27.729999542236328,27.239999771118164,27.63999938964844,2724900
2009-10-02,16.69038200378418,27.06999969482422,27.200000762939453,26.93000030517578,27.11000061035156,2096600
2009-10-05,16.782865524291992,27.21999931335449,27.280000686645508,26.950000762939453,27.15999984741211,1799800
2009-10-06,17.04799461364746,27.64999961853028,27.739999771118164,27.239999771118164,27.299999237060547,1962500
2009-10-07,16.943174362182617,27.479999542236328,27.81999969482422,27.3700008392334,27.68000030517578,1591100
2009-10-08,17.26995849609375,28.01000022888184,28.200000762939453,27.65999984741211,27.700000762939453,1511100
2009-10-09,17.37476921081543,28.18000030517578,28.190000534057617,27.82999992370605,28.049999237060547,1542000
2009-10-12,17.350109100341797,28.13999938964844,28.61000061035156,28.13999938964844,28.299999237060547,2646800
2009-10-13,17.498079299926758,28.3799991607666,28.530000686645508,28.100000381469727,28.100000381469727,1153000
2009-10-14,17.55974006652832,28.479999542236328,28.71999931335449,28.31999969482422,28.61000061035156,1676000
2009-10-15,17.689220428466797,28.690000534057617,28.799999237060547,28.280000686645508,28.280000686645508,1512000
2009-10-16,18.200973510742188,29.520000457763672,29.68000030517578,28.540000915527344,28.63999938964844,4746800
2009-10-19,17.522743225097656,28.420000076293945,29.799999237060547,28.030000686645508,29.700000762939453,6066800
2009-10-20,17.331613540649414,28.11000061035156,28.51000022888184,27.90999984741211,28.51000022888184,2303800
2009-10-21,17.343936920166016,28.1299991607666,28.600000381469727,28.11000061035156,28.190000534057617,2622600
2009-10-22,17.498079299926758,28.3799991607666,28.530000686645508,27.84000015258789,28.21999931335449,2186500
2009-10-23,17.282289505004883,28.030000686645508,28.59000015258789,27.979999542236328,28.59000015258789,1764000
2009-10-26,17.380935668945312,28.190000534057617,28.71999931335449,28.1299991607666,28.14999961853028,1889800
2009-10-27,17.097314834594727,27.729999542236328,28.280000686645508,27.65999984741211,28.209999084472656,2068700
2009-10-28,16.721208572387695,27.1200008392334,27.940000534057617,27.01000022888184,27.84000015258789,2800100
2009-10-29,17.081470489501953,27.5,27.59000015258789,27.059999465942383,27.14999961853028,1679100
2009-10-30,16.938613891601562,27.270000457763672,27.670000076293945,26.950000762939453,27.489999771118164,2963100
2009-11-02,17.174650192260742,27.64999961853028,27.709999084472656,26.81999969482422,27.229999542236328,2849600
2009-11-03,17.174650192260742,27.64999961853028,27.790000915527344,27.239999771118164,27.57999992370605,1941200
2009-11-04,17.24297332763672,27.76000022888184,28.049999237060547,27.540000915527344,27.780000686645508,2049100
2009-11-05,17.224342346191406,27.729999542236328,28.11000061035156,27.63999938964844,27.920000076293945,1768700
2009-11-06,17.336156845092773,27.90999984741211,28.0,27.59000015258789,27.770000457763672,1963800
2009-11-09,17.857906341552734,28.75,29.0,28.38999938964844,28.540000915527344,4651300
2009-11-10,17.89517593383789,28.809999465942383,28.88999938964844,28.56999969482422,28.729999542236328,2010800
2009-11-11,18.149845123291016,29.21999931335449,29.3700008392334,28.8700008392334,28.989999771118164,2255200
2009-11-12,17.951080322265625,28.89999961853028,29.450000762939453,28.82999992370605,29.299999237060547,2066000
2009-11-13,18.075313568115234,29.100000381469727,29.25,28.8799991607666,28.989999771118164,2343700
2009-11-16,18.72751235961914,30.14999961853028,30.14999961853028,29.299999237060547,29.3700008392334,2998800
2009-11-17,18.54737663269043,29.86000061035156,30.290000915527344,29.76000022888184,30.290000915527344,1760300
2009-11-18,18.6094913482666,29.959999084472656,30.31999969482422,29.82999992370605,30.1299991607666,2282800
2009-11-19,18.24302101135254,29.3700008392334,29.989999771118164,29.1299991607666,29.940000534057617,2097600
2009-11-20,18.075313568115234,29.100000381469727,29.39999961853028,28.950000762939453,29.39999961853028,2070600
2009-11-23,18.16847419738769,29.25,30.18000030517578,29.07999992370605,29.709999084472656,2501700
2009-11-24,18.025617599487305,29.020000457763672,29.440000534057617,28.940000534057617,29.32999992370605,1743700
2009-11-25,18.379669189453125,29.59000015258789,29.700000762939453,29.07999992370605,29.11000061035156,1267100
2009-11-27,18.224380493164062,29.34000015258789,29.489999771118164,29.0,29.25,769700
2009-11-30,18.41693687438965,29.64999961853028,29.670000076293945,29.25,29.489999771118164,2606600
2009-12-01,18.66539192199707,30.049999237060547,30.209999084472656,29.90999984741211,29.920000076293945,2076800
2009-12-02,18.95112991333008,30.51000022888184,30.709999084472656,30.100000381469727,30.170000076293945,2064400
2009-12-03,18.690242767333984,30.09000015258789,30.739999771118164,30.059999465942383,30.459999084472656,1296600
2009-12-04,18.74614715576172,30.18000030517578,30.729999542236328,29.809999465942383,30.350000381469727,1512300
2009-12-07,19.14989280700684,30.82999992370605,31.18000030517578,30.280000686645508,30.280000686645508,1934600
2009-12-08,18.88279914855957,30.39999961853028,30.8700008392334,30.350000381469727,30.8700008392334,1435100
2009-12-09,18.7647762298584,30.209999084472656,30.38999938964844,29.68000030517578,30.38999938964844,2248200
2009-12-10,18.938701629638672,30.489999771118164,30.81999969482422,30.32999992370605,30.32999992370605,1609300
2009-12-11,19.14989280700684,30.82999992370605,30.940000534057617,30.459999084472656,30.68000030517578,1239600
2009-12-14,19.361068725585938,31.170000076293945,31.31999969482422,30.8700008392334,30.989999771118164,1739100
2009-12-15,19.56606101989746,31.5,31.770000457763672,30.989999771118164,31.1200008392334,2000400
2009-12-16,19.646800994873047,31.6299991607666,32.040000915527344,31.530000686645508,31.709999084472656,1341900
2009-12-17,19.584686279296875,31.530000686645508,31.700000762939453,31.040000915527344,31.3700008392334,1189500
2009-12-18,19.640594482421875,31.6200008392334,31.770000457763672,31.3799991607666,31.61000061035156,1800800
2009-12-21,19.87662696838379,32.0,32.470001220703125,31.90999984741211,31.989999771118164,1412400
2009-12-22,19.80830192565918,31.88999938964844,32.25,31.81999969482422,32.220001220703125,1286900
2009-12-23,19.9449520111084,32.11000061035156,32.150001525878906,31.75,31.81999969482422,759800
2009-12-24,19.982221603393555,32.16999816894531,32.189998626708984,31.88999938964844,32.099998474121094,345300
2009-12-28,20.0567569732666,32.290000915527344,32.36000061035156,32.11000061035156,32.2400016784668,675800
2009-12-29,19.9387435913086,32.099998474121094,32.43000030517578,32.09000015258789,32.400001525878906,770700
2009-12-30,20.14371490478516,32.43000030517578,32.439998626708984,32.0,32.13999938964844,746300
2009-12-31,19.913902282714844,32.060001373291016,32.56999969482422,32.060001373291016,32.369998931884766,891100
2010-01-04,20.212047576904297,32.540000915527344,32.75,32.31999969482422,32.529998779296875,1652600
2010-01-05,19.988431930541992,32.18000030517578,32.630001068115234,31.850000381469727,32.630001068115234,1646900
2010-01-06,19.96979713439941,32.150001525878906,32.220001220703125,31.700000762939453,32.220001220703125,1307500
2010-01-07,19.684080123901367,31.690000534057617,32.2599983215332,31.3700008392334,32.060001373291016,3140300
2010-01-08,19.7337646484375,31.770000457763672,32.34000015258789,31.46999931335449,32.09000015258789,2699600
2010-01-11,19.715133666992188,31.739999771118164,32.0,31.5,31.89999961853028,1082500
2010-01-12,19.404560089111328,31.239999771118164,31.690000534057617,31.040000915527344,31.64999961853028,3105500
2010-01-13,19.684080123901367,31.690000534057617,31.76000022888184,31.200000762939453,31.21999931335449,1277300
2010-01-14,19.88905143737793,32.02000045776367,32.06999969482422,31.51000022888184,31.61000061035156,1269000
2010-01-15,19.97601318359375,32.15999984741211,32.2400016784668,31.700000762939453,31.989999771118164,2017200
2010-01-19,20.08160781860352,32.33000183105469,32.43000030517578,31.979999542236328,32.18000030517578,998500
2010-01-20,20.03811836242676,32.2599983215332,32.310001373291016,31.799999237060547,32.08000183105469,1499100
2010-01-21,19.9387435913086,32.099998474121094,32.540000915527344,32.0,32.150001525878906,2252400
2010-01-22,19.43561363220215,31.290000915527344,32.27000045776367,31.229999542236328,32.0,1615100
2010-01-25,19.516366958618164,31.420000076293945,31.6200008392334,31.209999084472656,31.450000762939453,1101000
2010-01-26,19.42940330505371,31.280000686645508,31.59000015258789,31.25,31.299999237060547,1045500
2010-01-27,19.559844970703125,31.489999771118164,31.530000686645508,31.01000022888184,31.209999084472656,1042300
2010-01-28,19.59090805053711,31.540000915527344,31.729999542236328,31.21999931335449,31.559999465942383,971500
2010-01-29,19.097070693969727,30.549999237060547,31.6200008392334,30.530000686645508,31.6200008392334,2446200
2010-02-01,19.49714088439941,31.190000534057617,31.3799991607666,30.549999237060547,30.71999931335449,2397600
2010-02-02,19.97846984863281,31.959999084472656,32.0099983215332,31.06999969482422,31.270000457763672,2635000
2010-02-03,20.047231674194336,32.06999969482422,32.22999954223633,31.690000534057617,31.850000381469727,1631600
2010-02-04,19.54089736938477,31.26000022888184,32.029998779296875,31.21999931335449,31.84000015258789,2043400
2010-02-05,19.25334548950196,30.799999237060547,31.350000381469727,30.200000762939453,31.200000762939453,2782800
2010-02-08,21.697519302368164,34.709999084472656,35.189998626708984,33.529998779296875,33.650001525878906,11443600
2010-02-09,21.916305541992188,35.060001373291016,35.279998779296875,34.470001220703125,34.7599983215332,4256100
2010-02-10,22.066326141357425,35.29999923706055,35.61000061035156,34.88999938964844,35.040000915527344,3308300
2010-02-11,22.591428756713867,36.13999938964844,36.18999862670898,35.060001373291016,35.33000183105469,2432600
2010-02-12,22.222606658935547,35.54999923706055,36.0,35.470001220703125,35.91999816894531,4321800
2010-02-16,21.89755821228028,35.029998779296875,35.97999954223633,34.7599983215332,35.84000015258789,3858100
2010-02-17,22.14759635925293,35.43000030517578,35.5099983215332,35.02000045776367,35.13999938964844,1485800
2010-02-18,22.35388565063477,35.7599983215332,35.81999969482422,35.18000030517578,35.33000183105469,1821500
2010-02-19,22.37888526916504,35.79999923706055,35.9900016784668,35.369998931884766,35.619998931884766,1565200
2010-02-22,22.2038631439209,35.52000045776367,35.91999816894531,35.41999816894531,35.90999984741211,1627800
2010-02-23,22.053831100463867,35.279998779296875,35.540000915527344,35.04999923706055,35.5,1283800
2010-02-24,22.178850173950195,35.47999954223633,35.540000915527344,35.11000061035156,35.47999954223633,1461100
2010-02-25,22.31012344360352,35.689998626708984,35.7400016784668,34.650001525878906,35.20000076293945,2058100
2010-02-26,22.36638259887696,35.779998779296875,35.9900016784668,35.40999984741211,35.529998779296875,1570700
2010-03-01,22.54141616821289,36.060001373291016,36.18999862670898,35.5,35.79999923706055,1668600
2010-03-02,22.88521957397461,36.61000061035156,36.68000030517578,36.04999923706055,36.15999984741211,2394400
2010-03-03,22.71019554138184,36.33000183105469,36.66999816894531,36.29999923706055,36.59000015258789,1665100
2010-03-04,22.96023750305176,36.72999954223633,36.72999954223633,36.310001373291016,36.310001373291016,1514500
2010-03-05,23.422813415527344,37.470001220703125,37.52000045776367,36.61000061035156,36.93999862670898,1363900
2010-03-08,23.441574096679688,37.5,37.72999954223633,37.290000915527344,37.470001220703125,1398500
2010-03-09,23.554086685180664,37.68000030517578,37.93000030517578,37.400001525878906,37.400001525878906,1147600
2010-03-10,23.760374069213867,38.0099983215332,38.0099983215332,37.43000030517578,37.66999816894531,1623000
2010-03-11,23.81038284301757,38.09000015258789,38.150001525878906,37.650001525878906,37.900001525878906,897900
2010-03-12,23.879150390625,38.20000076293945,38.81999969482422,37.75,38.81999969482422,942300
2010-03-15,23.52284240722656,37.630001068115234,37.90999984741211,37.38999938964844,37.61000061035156,1839200
2010-03-16,23.66034889221192,37.84999847412109,38.130001068115234,37.63999938964844,37.68000030517578,1767000
2010-03-17,23.841642379760746,38.13999938964844,38.2400016784668,37.77000045776367,37.97999954223633,1404400
2010-03-18,23.816635131835938,38.09999847412109,38.34000015258789,37.91999816894531,38.209999084472656,1110700
2010-03-19,23.68535804748535,37.88999938964844,38.34000015258789,37.84999847412109,37.88999938964844,1436300
2010-03-22,23.910398483276367,38.25,38.29999923706055,37.79999923706055,38.0099983215332,1408500
2010-03-23,23.89788627624512,38.22999954223633,38.5,37.900001525878906,38.38999938964844,1177600
2010-03-24,23.7916316986084,38.060001373291016,38.290000915527344,37.790000915527344,38.150001525878906,1344500
2010-03-25,23.816635131835938,38.09999847412109,38.56999969482422,38.06999969482422,38.18000030517578,1809500
2010-03-26,24.010417938232425,38.40999984741211,38.68000030517578,38.11000061035156,38.13999938964844,1676400
2010-03-29,24.51676368713379,39.220001220703125,39.22999954223633,38.560001373291016,38.560001373291016,2225300
2010-03-30,24.410490036010746,39.04999923706055,39.59000015258789,39.02999877929688,39.22999954223633,1140700
2010-03-31,23.92915153503418,38.27999877929688,39.06999969482422,38.25,39.04999923706055,1372400
2010-04-01,23.979150772094727,38.36000061035156,38.77999877929688,38.119998931884766,38.54999923706055,1591400
2010-04-05,24.460494995117188,39.130001068115234,39.209999084472656,38.290000915527344,38.290000915527344,1282300
2010-04-06,24.33547019958496,38.93000030517578,39.18999862670898,38.4900016784668,39.18999862670898,1557500
2010-04-07,24.00417137145996,38.400001525878906,39.0,38.130001068115234,38.83000183105469,1089900
2010-04-08,24.172941207885746,38.66999816894531,38.75,38.0,38.31999969482422,870100
2010-04-09,24.33547019958496,38.93000030517578,39.0,38.43999862670898,38.79999923706055,1323800
2010-04-12,24.441743850708008,39.09999847412109,39.2400016784668,38.81999969482422,39.06999969482422,1007400
2010-04-13,24.5730209350586,39.310001373291016,39.43000030517578,39.06999969482422,39.2400016784668,965800
2010-04-14,24.704288482666016,39.52000045776367,39.58000183105469,39.220001220703125,39.33000183105469,1190700
2010-04-15,25.091856002807617,40.13999938964844,40.25,39.38999938964844,39.560001373291016,1301500
2010-04-16,24.91057205200196,39.84999847412109,40.52999877929688,39.77999877929688,40.400001525878906,2632300
2010-04-19,25.57318878173828,40.90999984741211,41.0,39.91999816894531,40.369998931884766,4461900
2010-04-20,25.598203659057617,40.95000076293945,41.5,40.72999954223633,41.209999084472656,1939400
2010-04-21,25.08560371398925,40.130001068115234,40.72999954223633,39.810001373291016,40.63999938964844,2152500
2010-04-22,25.2606258392334,40.40999984741211,40.459999084472656,39.66999816894531,39.880001068115234,1113600
2010-04-23,25.335655212402344,40.52999877929688,40.72999954223633,40.09999847412109,40.470001220703125,1378400
2010-04-26,25.2606258392334,40.40999984741211,41.0,40.38999938964844,40.68999862670898,1531000
2010-04-27,24.65428352355957,39.43999862670898,40.58000183105469,39.310001373291016,40.18999862670898,1984000
2010-04-28,24.39797592163086,39.02999877929688,39.7599983215332,38.75,39.459999084472656,1896400
2010-04-29,24.73771476745605,39.31999969482422,39.400001525878906,38.66999816894531,39.060001373291016,1570000
2010-04-30,24.13374137878418,38.36000061035156,39.58000183105469,38.31999969482422,39.31999969482422,2156400
2010-05-03,25.24103355407715,40.119998931884766,40.29999923706055,38.459999084472656,38.470001220703125,1996800
2010-05-04,24.4986515045166,38.93999862670898,40.34999847412109,38.77999877929688,40.18000030517578,3052800
2010-05-05,24.8509578704834,39.5,39.810001373291016,38.43999862670898,38.54999923706055,2650900
2010-05-06,24.71884536743164,39.290000915527344,39.900001525878906,36.0,39.34000015258789,4113400
2010-05-07,24.51752471923828,38.970001220703125,39.59999847412109,38.310001373291016,39.0099983215332,4268600
2010-05-10,25.66884422302246,40.79999923706055,40.900001525878906,39.900001525878906,40.38999938964844,2804000
2010-05-11,25.97083854675293,41.27999877929688,42.18999862670898,40.34999847412109,40.5,3953000
2010-05-12,26.67547035217285,42.400001525878906,42.4900016784668,41.47999954223633,41.54999923706055,2864800
2010-05-13,25.700307846069336,40.84999847412109,42.20000076293945,40.75,41.810001373291016,2130500
2010-05-14,25.341693878173828,40.27999877929688,40.59000015258789,39.59999847412109,40.25,2128700
2010-05-17,26.12182807922364,41.52000045776367,41.650001525878906,40.09999847412109,40.27999877929688,2811100
2010-05-18,26.18474006652832,41.619998931884766,42.59000015258789,41.11000061035156,41.59999847412109,3804400
2010-05-19,25.84500503540039,41.08000183105469,41.97999954223633,40.66999816894531,41.47999954223633,2265300
2010-05-20,25.02083969116211,39.77000045776367,40.63999938964844,39.5,40.11000061035156,3560900
2010-05-21,24.869836807250977,39.52999877929688,40.20000076293945,38.75,39.09000015258789,5254900
2010-05-24,24.731433868408203,39.310001373291016,39.93000030517578,39.27000045776367,39.5099983215332,2505900
2010-05-25,24.4986515045166,38.93999862670898,38.93999862670898,36.5,38.4900016784668,3281700
2010-05-26,24.88242149353028,39.54999923706055,40.18000030517578,39.310001373291016,39.47999954223633,3924300
2010-05-27,25.524145126342773,40.56999969482422,40.59000015258789,40.06999969482422,40.38999938964844,2480500
2010-05-28,25.259904861450195,40.150001525878906,40.84000015258789,39.91999816894531,40.66999816894531,1903600
2010-06-01,24.762880325317383,39.36000061035156,40.38999938964844,39.33000183105469,39.72999954223633,1453100
2010-06-02,25.35427665710449,40.29999923706055,40.29999923706055,39.22999954223633,39.56999969482422,1697000
2010-06-03,25.014528274536133,39.7599983215332,40.81999969482422,39.54999923706055,40.54999923706055,2379700
2010-06-04,24.624483108520508,39.13999938964844,39.84999847412109,38.59999847412109,38.84999847412109,2712300
2010-06-07,24.171491622924805,38.41999816894531,39.47999954223633,38.33000183105469,39.27000045776367,1787700
2010-06-08,23.976465225219727,38.11000061035156,38.720001220703125,37.38999938964844,38.40999984741211,3411800
2010-06-09,24.18407249450684,38.43999862670898,39.310001373291016,38.16999816894531,38.29999923706055,1673900
2010-06-10,25.524145126342773,40.56999969482422,40.630001068115234,39.0,39.0,3236100
2010-06-11,25.410898208618164,40.38999938964844,40.540000915527344,39.54999923706055,40.27000045776367,2386800
2010-06-14,25.486400604248047,40.5099983215332,41.209999084472656,40.47999954223633,40.75,1727100
2010-06-15,26.32944107055664,41.84999847412109,41.86000061035156,41.0,41.0,1445300
2010-06-16,26.85162734985352,42.68000030517578,43.02999877929688,41.40999984741211,41.61000061035156,2502600
2010-06-17,26.971155166625977,42.869998931884766,43.09999847412109,42.540000915527344,42.970001220703125,2129800
2010-06-18,26.977453231811523,42.880001068115234,43.38999938964844,42.7400016784668,43.0099983215332,1978500
2010-06-21,26.55593490600586,42.209999084472656,43.380001068115234,42.0,43.27999877929688,2400600
2010-06-22,25.96453857421875,41.27000045776367,42.66999816894531,41.16999816894531,42.36000061035156,2657100
2010-06-23,25.87017822265625,41.119998931884766,41.4900016784668,40.619998931884766,41.290000915527344,2588000
2010-06-24,26.96487617492676,42.86000061035156,43.709999084472656,41.54999923706055,42.18000030517578,9033900
2010-06-25,27.052949905395508,43.0,43.220001220703125,41.790000915527344,42.810001373291016,4663600
2010-06-28,27.027782440185547,42.959999084472656,43.5099983215332,42.560001373291016,43.060001373291016,1292300
2010-06-29,26.448974609375,42.040000915527344,42.720001220703125,41.72999954223633,42.31999969482422,2376100
2010-06-30,25.85757827758789,41.09999847412109,42.38999938964844,41.040000915527344,41.900001525878906,2359900
2010-07-01,25.700307846069336,40.84999847412109,41.709999084472656,40.56999969482422,41.25,3674700
2010-07-02,25.44864845275879,40.45000076293945,41.060001373291016,40.18999862670898,41.060001373291016,2389600
2010-07-06,25.215866088867188,40.08000183105469,41.15999984741211,39.720001220703125,40.709999084472656,2522700
2010-07-07,25.82612609863281,41.04999923706055,41.11000061035156,39.91999816894531,40.0099983215332,1996600
2010-07-08,25.819839477539062,41.040000915527344,41.52000045776367,40.66999816894531,41.29999923706055,1461600
2010-07-09,26.16585922241211,41.59000015258789,41.65999984741211,40.90999984741211,41.22999954223633,1215300
2010-07-12,26.27911376953125,41.77000045776367,42.20000076293945,41.5,41.58000183105469,1248900
2010-07-13,26.53076171875,42.16999816894531,42.470001220703125,41.810001373291016,42.18000030517578,1484300
2010-07-14,26.10295295715332,41.4900016784668,42.18999862670898,41.38999938964844,42.18999862670898,2799900
2010-07-15,25.851299285888672,41.09000015258789,41.790000915527344,40.70000076293945,41.5,2897400
2010-07-16,24.8509578704834,39.5,40.90999984741211,39.27999877929688,40.68999862670898,3541700
2010-07-19,24.756591796875,39.34999847412109,40.0,37.650001525878906,37.93999862670898,4868500
2010-07-20,25.66255187988281,40.790000915527344,41.0099983215332,38.93000030517578,39.08000183105469,3367000
2010-07-21,24.75030517578125,39.34000015258789,41.09999847412109,39.2599983215332,41.0,4370800
2010-07-22,25.228450775146484,40.09999847412109,40.650001525878906,39.72999954223633,39.72999954223633,1528000
2010-07-23,25.76322555541992,40.95000076293945,41.02999877929688,40.09999847412109,40.11000061035156,1305900
2010-07-26,26.73837852478028,42.5,42.560001373291016,40.79999923706055,41.11000061035156,2437800
2010-07-27,26.48043632507324,42.09000015258789,42.54999923706055,41.880001068115234,42.459999084472656,1252200
2010-07-28,26.12811088562012,41.52999877929688,42.38999938964844,41.27000045776367,42.0099983215332,1201500
2010-07-29,26.47624015808105,41.83000183105469,42.369998931884766,41.02000045776367,41.54999923706055,1597400
2010-07-30,26.67877960205078,42.150001525878906,42.470001220703125,41.41999816894531,41.41999816894531,2410400
2010-08-02,27.273754119873047,43.09000015258789,43.209999084472656,42.68999862670898,42.79999923706055,1638100
2010-08-03,26.85601234436035,42.43000030517578,43.220001220703125,42.34000015258789,43.150001525878906,1246300
2010-08-04,27.57124328613281,43.560001373291016,43.619998931884766,42.34999847412109,42.5099983215332,1054800
2010-08-05,27.54591941833496,43.52000045776367,43.58000183105469,43.22999954223633,43.43999862670898,1162400
2010-08-06,27.41933822631836,43.31999969482422,43.31999969482422,42.41999816894531,43.0,1585000
2010-08-09,27.666183471679688,43.709999084472656,44.11000061035156,43.54999923706055,43.560001373291016,1305600
2010-08-10,27.678842544555664,43.72999954223633,43.86000061035156,42.95000076293945,43.31999969482422,1673500
2010-08-11,26.912975311279297,42.52000045776367,43.130001068115234,42.400001525878906,43.130001068115234,1046700
2010-08-12,26.887659072875977,42.47999954223633,42.65999984741211,41.790000915527344,42.0099983215332,1373300
2010-08-13,27.07753562927246,42.77999877929688,42.95000076293945,42.29999923706055,42.43999862670898,1579800
2010-08-16,27.0838623046875,42.790000915527344,42.86000061035156,42.18000030517578,42.400001525878906,814100
2010-08-17,27.76744842529297,43.869998931884766,44.16999816894531,42.970001220703125,43.150001525878906,1844300
2010-08-18,27.843408584594727,43.9900016784668,44.59000015258789,43.709999084472656,44.040000915527344,1181600
2010-08-19,27.223127365112305,43.0099983215332,43.88999938964844,42.52999877929688,43.84999847412109,1018400
2010-08-20,26.881332397460938,42.470001220703125,42.81999969482422,41.93000030517578,42.59999847412109,1232500
2010-08-23,26.7041015625,42.18999862670898,42.95000076293945,42.18999862670898,42.66999816894531,1164000
2010-08-24,26.07747840881348,41.20000076293945,41.869998931884766,41.08000183105469,41.869998931884766,1708200
2010-08-25,25.96355628967285,41.02000045776367,41.119998931884766,40.13999938964844,40.91999816894531,2209600
2010-08-26,25.56478881835937,40.38999938964844,41.27999877929688,40.369998931884766,41.130001068115234,1378000
2010-08-27,25.91290283203125,40.93999862670898,41.060001373291016,40.02000045776367,40.54999923706055,2983900
2010-08-30,25.41287612915039,40.150001525878906,41.13999938964844,40.11000061035156,40.900001525878906,818700
2010-08-31,25.545806884765625,40.36000061035156,40.68999862670898,39.56999969482422,39.91999816894531,1857700
2010-09-01,26.374971389770508,41.66999816894531,41.79999923706055,40.63999938964844,40.66999816894531,1525100
2010-09-02,27.22944641113281,43.02000045776367,43.040000915527344,41.68999862670898,41.68999862670898,2156000
2010-09-03,27.52694129943848,43.4900016784668,43.70000076293945,42.90999984741211,43.5099983215332,1146000
2010-09-07,27.36237335205078,43.22999954223633,44.09000015258789,43.0099983215332,43.0099983215332,1700000
2010-09-08,27.235774993896484,43.02999877929688,43.97999954223633,42.93999862670898,43.27000045776367,1643000
2010-09-09,27.248437881469727,43.04999923706055,43.650001525878906,43.02999877929688,43.52000045776367,1428300
2010-09-10,27.431989669799805,43.34000015258789,43.380001068115234,42.959999084472656,43.150001525878906,1271100
2010-09-13,27.90670394897461,44.09000015258789,44.27999877929688,43.59999847412109,43.70000076293945,1070700
2010-09-14,27.78644371032715,43.900001525878906,44.16999816894531,43.75,44.06999969482422,650000
2010-09-15,28.07760238647461,44.36000061035156,44.5,43.52000045776367,43.72999954223633,935300
2010-09-16,28.12190818786621,44.43000030517578,44.47999954223633,43.900001525878906,44.29999923706055,949000
2010-09-17,28.29279899597168,44.70000076293945,45.130001068115234,44.5,44.5099983215332,2133700
2010-09-20,28.72320556640625,45.380001068115234,45.54999923706055,44.650001525878906,44.709999084472656,1366600
2010-09-21,28.48268318176269,45.0,45.52999877929688,44.86000061035156,45.52999877929688,1063600
2010-09-22,27.697830200195312,43.7599983215332,45.150001525878906,43.68000030517578,44.869998931884766,1424800
2010-09-23,27.672510147094727,43.720001220703125,44.2400016784668,43.220001220703125,43.5,1130400
2010-09-24,28.09026336669922,44.380001068115234,44.630001068115234,44.20000076293945,44.22999954223633,966800
2010-09-27,28.50167655944824,45.02999877929688,45.22999954223633,44.220001220703125,44.400001525878906,1171700
2010-09-28,28.615591049194336,45.209999084472656,45.369998931884766,44.25,45.02999877929688,733400
2010-09-29,28.50801467895508,45.040000915527344,45.11000061035156,44.34999847412109,45.0099983215332,954300
2010-09-30,28.172550201416016,44.5099983215332,45.84999847412109,44.33000183105469,45.2599983215332,1463400
2010-10-01,28.23583984375,44.61000061035156,45.18000030517578,44.2400016784668,45.119998931884766,793300
2010-10-04,28.19785499572754,44.54999923706055,45.369998931884766,44.25,44.70000076293945,783800
2010-10-05,28.982709884643555,45.790000915527344,45.91999816894531,44.84000015258789,45.08000183105469,1175200
2010-10-06,28.98904037475586,45.79999923706055,46.040000915527344,45.52000045776367,45.75,1060800
2010-10-07,28.72954559326172,45.38999938964844,46.150001525878906,45.06999969482422,46.0099983215332,773500
2010-10-08,28.88777732849121,45.63999938964844,45.7599983215332,45.09000015258789,45.58000183105469,965000
2010-10-11,29.058670043945312,45.90999984741211,46.02999877929688,45.61000061035156,45.72999954223633,876900
2010-10-12,28.963722229003903,45.7599983215332,45.86000061035156,45.20000076293945,45.86000061035156,781100
2010-10-13,29.191579818725582,46.119998931884766,46.56999969482422,45.88999938964844,45.97999954223633,989600
2010-10-14,29.096641540527344,45.970001220703125,46.369998931884766,45.68999862670898,46.220001220703125,985900
2010-10-15,28.533321380615234,45.08000183105469,45.720001220703125,44.45000076293945,45.29999923706055,2651600
2010-10-18,29.62832832336425,46.810001373291016,48.77999877929688,46.70000076293945,48.0,3575200
2010-10-19,29.24856185913086,46.209999084472656,46.59999847412109,45.52000045776367,46.310001373291016,1870100
2010-10-20,29.27387809753418,46.25,46.59999847412109,45.869998931884766,46.310001373291016,1197200
2010-10-21,28.9130916595459,45.68000030517578,46.41999816894531,45.52000045776367,46.41999816894531,1637000
2010-10-22,29.115636825561523,46.0,46.02999877929688,45.70000076293945,45.7599983215332,847100
2010-10-25,29.090314865112305,45.959999084472656,46.75,45.81999969482422,46.119998931884766,931200
2010-10-26,29.06498908996582,45.91999816894531,46.18000030517578,45.54999923706055,45.81999969482422,1193600
2010-10-27,29.06498908996582,45.91999816894531,46.209999084472656,45.2599983215332,45.619998931884766,956000
2010-10-28,29.12226867675781,45.7599983215332,46.040000915527344,45.29999923706055,45.959999084472656,826000
2010-10-29,29.43412399291992,46.25,46.310001373291016,45.47999954223633,45.77000045776367,1193600
2010-11-01,29.688682556152344,46.650001525878906,46.790000915527344,46.25,46.470001220703125,976900
2010-11-02,30.11507606506348,47.31999969482422,47.400001525878906,46.720001220703125,46.97999954223633,1354700
2010-11-03,30.006895065307617,47.150001525878906,47.5099983215332,46.81999969482422,47.40999984741211,996800
2010-11-04,30.08327293395996,47.27000045776367,47.560001373291016,46.79999923706055,47.560001373291016,1272500
2010-11-05,30.07689666748047,47.2599983215332,47.400001525878906,46.84000015258789,47.34000015258789,876800
2010-11-08,30.11507606506348,47.31999969482422,47.369998931884766,46.79999923706055,47.09000015258789,611800
2010-11-09,29.701400756835938,46.66999816894531,47.459999084472656,46.47999954223633,47.400001525878906,902200
2010-11-10,29.625038146972656,46.54999923706055,46.91999816894531,46.31999969482422,46.720001220703125,1176200
2010-11-11,30.070531845092773,47.25,47.45000076293945,46.27000045776367,46.31999969482422,1131000
2010-11-12,29.79687690734864,46.81999969482422,47.2400016784668,46.5,47.0,518700
2010-11-15,29.69504737854004,46.65999984741211,47.16999816894531,46.619998931884766,47.06999969482422,522000
2010-11-16,29.255916595458984,45.970001220703125,47.150001525878906,45.709999084472656,46.40999984741211,778700
2010-11-17,29.542314529418945,46.41999816894531,46.52999877929688,45.68000030517578,45.77000045776367,644800
2010-11-18,30.05144500732422,47.220001220703125,47.54999923706055,46.91999816894531,47.08000183105469,649900
2010-11-19,30.414182662963867,47.790000915527344,47.790000915527344,47.06999969482422,47.220001220703125,722700
2010-11-22,30.05144500732422,47.220001220703125,47.79999923706055,46.970001220703125,47.709999084472656,1142500
2010-11-23,30.05144500732422,47.220001220703125,47.2599983215332,46.54999923706055,46.77999877929688,920200
2010-11-24,30.27418327331543,47.56999969482422,47.84999847412109,47.40999984741211,47.619998931884766,892900
2010-11-26,30.369647979736328,47.720001220703125,47.79999923706055,47.0099983215332,47.29999923706055,627300
2010-11-29,29.924156188964844,47.02000045776367,47.290000915527344,46.5,47.25,1620500
2010-11-30,30.33146858215332,47.65999984741211,47.9900016784668,46.63999938964844,46.72999954223633,2266100
2010-12-01,30.395112991333008,47.7599983215332,48.5,47.7400016784668,48.130001068115234,1193900
2010-12-02,31.20970726013184,49.040000915527344,49.04999923706055,47.790000915527344,47.93000030517578,1150100
2010-12-03,31.432451248168945,49.38999938964844,49.5,48.70000076293945,48.77999877929688,1114400
2010-12-06,31.362457275390625,49.27999877929688,49.66999816894531,49.0099983215332,49.400001525878906,1116600
2010-12-07,31.62337875366211,49.68999862670898,50.16999816894531,49.61000061035156,49.72999954223633,967300
2010-12-08,31.464269638061523,49.43999862670898,50.0099983215332,49.400001525878906,49.79999923706055,756900
2010-12-09,31.451547622680664,49.41999816894531,49.70000076293945,49.02999877929688,49.70000076293945,489000
2010-12-10,31.597936630249023,49.650001525878906,49.810001373291016,49.33000183105469,49.68000030517578,501500
2010-12-13,30.79604148864746,48.38999938964844,49.95000076293945,48.369998931884766,49.95000076293945,1260500
2010-12-14,31.050600051879883,48.790000915527344,49.75,48.5,48.5,835500
2010-12-15,30.94878578186035,48.630001068115234,49.0,48.43999862670898,48.90999984741211,680000
2010-12-16,31.349729537963867,49.2599983215332,49.380001068115234,48.4900016784668,48.7400016784668,796500
2010-12-17,31.464269638061523,49.43999862670898,49.4900016784668,48.900001525878906,49.34000015258789,1422200
2010-12-20,31.38790702819824,49.31999969482422,49.58000183105469,49.11000061035156,49.47999954223633,657400
2010-12-21,31.356090545654297,49.27000045776367,49.7400016784668,48.9900016784668,49.709999084472656,572600
2010-12-22,31.578832626342773,49.619998931884766,49.7400016784668,49.16999816894531,49.540000915527344,335100
2010-12-23,30.8787841796875,48.52000045776367,49.630001068115234,48.5,49.630001068115234,604300
2010-12-27,30.87240600585937,48.5099983215332,48.70000076293945,48.11000061035156,48.45000076293945,515900
2010-12-28,30.17235374450684,47.40999984741211,48.68999862670898,47.20000076293945,48.66999816894531,1012500
2010-12-29,30.706951141357425,48.25,48.290000915527344,47.400001525878906,47.59000015258789,583900
2010-12-30,30.73240089416504,48.290000915527344,48.459999084472656,48.09999847412109,48.20000076293945,1803600
2010-12-31,30.025997161865234,47.18000030517578,48.290000915527344,46.90999984741211,48.150001525878906,972200
2011-01-03,29.675949096679688,46.630001068115234,47.75,46.0,47.75,2466600
2011-01-04,29.28137588500977,46.0099983215332,46.59000015258789,45.310001373291016,46.58000183105469,1543100
2011-01-05,29.42774772644043,46.2400016784668,46.56999969482422,45.290000915527344,45.66999816894531,1423100
2011-01-06,29.30683708190918,46.04999923706055,46.33000183105469,45.380001068115234,46.33000183105469,1715800
2011-01-07,29.3195743560791,46.06999969482422,46.5099983215332,45.68999862670898,46.18999862670898,1552200
2011-01-10,29.26228904724121,45.97999954223633,46.220001220703125,45.61000061035156,45.97999954223633,1455200
2011-01-11,29.26865005493164,45.9900016784668,46.970001220703125,45.880001068115234,46.34000015258789,2376800
2011-01-12,28.6640682220459,45.040000915527344,46.209999084472656,44.959999084472656,46.20000076293945,2313600
2011-01-13,28.41586875915528,44.650001525878906,44.93999862670898,44.209999084472656,44.90999984741211,2224200
2011-01-14,28.31403541564941,44.4900016784668,45.33000183105469,42.540000915527344,42.86000061035156,6680600
2011-01-18,28.03400993347168,44.04999923706055,44.459999084472656,43.66999816894531,44.25,2737400
2011-01-19,28.35221099853516,44.54999923706055,44.81999969482422,44.0099983215332,44.09999847412109,1975200
2011-01-20,28.42222595214844,44.65999984741211,44.7599983215332,44.2599983215332,44.459999084472656,1397700
2011-01-21,28.39040184020996,44.61000061035156,45.27999877929688,44.54999923706055,45.0,1616800
2011-01-24,28.31403541564941,44.4900016784668,44.619998931884766,43.93999862670898,44.560001373291016,1941900
2011-01-25,28.275850296020508,44.43000030517578,44.540000915527344,43.810001373291016,44.43999862670898,1533400
2011-01-26,28.54313468933105,44.84999847412109,44.97999954223633,44.38999938964844,44.54999923706055,1412600
2011-01-27,28.62587547302246,44.97999954223633,45.09000015258789,44.61000061035156,44.77000045776367,1008200
2011-01-28,28.101093292236328,43.90999984741211,45.04999923706055,43.810001373291016,44.77999877929688,1099000
2011-01-31,28.216289520263672,44.09000015258789,44.310001373291016,43.79999923706055,44.09000015258789,1301000
2011-02-01,28.0690975189209,43.86000061035156,44.4900016784668,43.47999954223633,44.36000061035156,2358600
2011-02-02,27.768314361572266,43.38999938964844,44.209999084472656,43.09000015258789,43.790000915527344,1960700
2011-02-03,28.52988624572754,44.58000183105469,44.709999084472656,43.29999923706055,43.29999923706055,2097400
2011-02-04,28.683469772338867,44.81999969482422,45.04999923706055,44.43999862670898,44.7599983215332,1113900
2011-02-07,29.20184898376465,45.630001068115234,45.81999969482422,43.45000076293945,43.45000076293945,2188600
2011-02-08,29.3298454284668,45.83000183105469,45.84999847412109,45.209999084472656,45.59000015258789,766800
2011-02-09,29.12505340576172,45.5099983215332,46.02000045776367,45.29999923706055,45.720001220703125,1045600
2011-02-10,29.2402458190918,45.68999862670898,45.72999954223633,45.18999862670898,45.38999938964844,924400
2011-02-11,29.08664894104004,45.45000076293945,45.75,45.31999969482422,45.459999084472656,1171900
2011-02-14,28.8498592376709,45.08000183105469,45.27000045776367,44.90999984741211,45.27000045776367,1164100
2011-02-15,28.31867218017578,44.25,45.0099983215332,44.040000915527344,44.77999877929688,1657800
2011-02-16,28.64507102966309,44.7599983215332,45.0,44.220001220703125,44.4900016784668,2251900
2011-02-17,29.18903923034668,45.61000061035156,46.15999984741211,44.58000183105469,44.59000015258789,1482800
2011-02-18,29.27224349975586,45.7400016784668,45.86000061035156,45.52000045776367,45.52000045776367,911700
2011-02-22,28.81147003173828,45.02000045776367,45.56999969482422,44.83000183105469,45.2599983215332,1039000
2011-02-23,28.22269821166992,44.09999847412109,44.9900016784668,43.79999923706055,44.90999984741211,1516300
2011-02-24,28.18429183959961,44.040000915527344,44.33000183105469,43.47999954223633,43.970001220703125,1278000
2011-02-25,28.5490779876709,44.61000061035156,44.70000076293945,43.90999984741211,44.09000015258789,1023000
2011-02-28,28.73467063903809,44.900001525878906,45.09999847412109,44.52999877929688,44.650001525878906,1078200
2011-03-01,28.5170841217041,44.560001373291016,45.15999984741211,44.540000915527344,44.84999847412109,1335600
2011-03-02,28.798667907714844,45.0,45.09999847412109,44.119998931884766,44.33000183105469,942100
2011-03-03,29.521827697753903,46.130001068115234,46.27000045776367,45.209999084472656,45.2599983215332,841400
2011-03-04,29.81622695922852,46.59000015258789,46.66999816894531,46.0099983215332,46.150001525878906,1856300
2011-03-07,30.078601837158203,47.0,47.209999084472656,46.54999923706055,46.88999938964844,2050200
2011-03-08,30.28980255126953,47.33000183105469,47.4900016784668,46.93000030517578,47.150001525878906,1165200
2011-03-09,30.28980255126953,47.33000183105469,47.36000061035156,46.790000915527344,47.130001068115234,1073600
2011-03-10,30.02740859985352,46.91999816894531,47.27000045776367,46.650001525878906,46.90999984741211,1166100
2011-03-11,29.98900985717773,46.86000061035156,47.0,46.45000076293945,46.7400016784668,1214600
2011-03-14,29.873817443847656,46.68000030517578,47.0,46.380001068115234,46.65999984741211,959500
2011-03-15,29.464223861694336,46.040000915527344,46.36000061035156,45.58000183105469,45.97999954223633,1669800
2011-03-16,29.1954402923584,45.619998931884766,46.18999862670898,45.4900016784668,46.02000045776367,1288700
2011-03-17,29.29144287109375,45.77000045776367,46.25,45.68999862670898,46.22999954223633,1177900
2011-03-18,29.617826461791992,46.27999877929688,46.4900016784668,46.09000015258789,46.38999938964844,1112200
2011-03-21,29.886606216430664,46.70000076293945,46.9900016784668,46.43000030517578,46.58000183105469,772700
2011-03-22,29.42583656311035,45.97999954223633,46.70000076293945,45.970001220703125,46.619998931884766,686800
2011-03-23,29.57943725585937,46.220001220703125,46.369998931884766,45.380001068115234,45.959999084472656,475100
2011-03-24,30.00181198120117,46.880001068115234,46.93999862670898,46.150001525878906,46.34000015258789,586100
2011-03-25,30.219402313232425,47.220001220703125,47.5099983215332,46.66999816894531,46.900001525878906,520400
2011-03-28,29.91861152648925,46.75,47.369998931884766,46.75,47.2400016784668,467700
2011-03-29,29.97620391845703,46.84000015258789,47.02000045776367,46.40999984741211,46.77000045776367,2128100
2011-03-30,30.270597457885746,47.29999923706055,47.400001525878906,46.84000015258789,47.08000183105469,949300
2011-03-31,29.97620391845703,46.84000015258789,47.41999816894531,46.81999969482422,47.209999084472656,1067600
2011-04-01,30.32820510864257,47.38999938964844,47.61000061035156,47.15999984741211,47.15999984741211,1148000
2011-04-04,30.2001953125,47.18999862670898,47.52999877929688,47.02000045776367,47.45000076293945,1010900
2011-04-05,30.1553955078125,47.119998931884766,47.150001525878906,46.27000045776367,47.02000045776367,2134500
2011-04-06,30.24499893188477,47.2599983215332,47.630001068115234,47.119998931884766,47.18999862670898,849500
2011-04-07,30.26420021057129,47.290000915527344,47.59999847412109,46.900001525878906,47.11000061035156,597700
2011-04-08,29.97620391845703,46.84000015258789,47.66999816894531,46.709999084472656,47.59000015258789,1079700
2011-04-11,30.0338077545166,46.93000030517578,47.41999816894531,46.77000045776367,46.86000061035156,834400
2011-04-12,29.227458953857425,45.66999816894531,46.86000061035156,45.54999923706055,46.5099983215332,1950400
2011-04-13,29.30423355102539,45.790000915527344,46.08000183105469,45.5,45.77000045776367,1449000
2011-04-14,28.41468048095703,44.400001525878906,46.0,44.09999847412109,45.40999984741211,4111100
2011-04-15,28.67068099975586,44.79999923706055,45.56999969482422,44.27999877929688,44.720001220703125,2213700
2011-04-18,28.35708999633789,44.310001373291016,44.619998931884766,44.0,44.25,1287800
2011-04-19,28.29949378967285,44.220001220703125,44.63999938964844,44.09000015258789,44.38999938964844,1127900
2011-04-20,28.741065979003903,44.90999984741211,45.02999877929688,44.400001525878906,44.77999877929688,1761700
2011-04-21,28.51067924499512,44.54999923706055,45.0,44.43999862670898,45.0,1293900
2011-04-25,29.221052169799805,45.65999984741211,45.66999816894531,44.11000061035156,44.41999816894531,1612300
2011-04-26,29.52823066711425,46.13999938964844,46.45000076293945,45.70000076293945,45.91999816894531,1600000
2011-04-27,29.57303047180176,46.209999084472656,46.33000183105469,45.95000076293945,46.119998931884766,1127600
2011-04-28,29.93375396728516,46.470001220703125,46.59000015258789,45.95000076293945,45.95000076293945,1002200
2011-04-29,30.172088623046875,46.84000015258789,46.93000030517578,46.45000076293945,46.59000015258789,1588300
2011-05-02,30.39753532409668,47.18999862670898,47.5,46.880001068115234,47.0,1581200
2011-05-03,30.23650932312012,46.93999862670898,47.150001525878906,46.650001525878906,46.959999084472656,1301000
2011-05-04,30.5843448638916,47.47999954223633,47.58000183105469,46.810001373291016,46.810001373291016,1350600
2011-05-05,30.468400955200195,47.29999923706055,47.91999816894531,47.060001373291016,47.09000015258789,1200000
2011-05-06,30.494165420532227,47.34000015258789,47.869998931884766,47.119998931884766,47.560001373291016,1009700
2011-05-09,30.223617553710938,46.91999816894531,47.43999862670898,46.90999984741211,47.27999877929688,638600
2011-05-10,30.6680850982666,47.61000061035156,47.720001220703125,46.869998931884766,46.869998931884766,603600
2011-05-11,30.738937377929688,47.720001220703125,47.93000030517578,47.459999084472656,47.61000061035156,1000000
2011-05-12,31.131881713867188,48.33000183105469,48.34000015258789,47.4900016784668,47.4900016784668,1300000
2011-05-13,30.951494216918945,48.04999923706055,48.43000030517578,47.959999084472656,48.31999969482422,854600
2011-05-16,30.796918869018555,47.810001373291016,48.09999847412109,47.75,47.86000061035156,641200
2011-05-17,30.230058670043945,46.93000030517578,47.86000061035156,46.84000015258789,47.59000015258789,1351900
2011-05-18,30.60367584228516,47.5099983215332,47.58000183105469,46.880001068115234,47.02000045776367,669000
2011-05-19,30.899986267089844,47.970001220703125,48.04999923706055,47.31999969482422,47.43000030517578,904100
2011-05-20,30.59078788757324,47.4900016784668,47.880001068115234,47.06999969482422,47.880001068115234,704700
2011-05-23,30.53925323486328,47.40999984741211,47.7400016784668,46.65999984741211,46.81999969482422,887500
2011-05-24,30.281587600708008,47.0099983215332,47.5,46.84999847412109,47.47999954223633,1012500
2011-05-25,30.10767936706543,46.7400016784668,46.970001220703125,46.36000061035156,46.7400016784668,730000
2011-05-26,29.875782012939453,46.380001068115234,46.77000045776367,45.709999084472656,46.77000045776367,1432600
2011-05-27,29.30892372131348,45.5,46.61000061035156,45.45000076293945,46.61000061035156,1203800
2011-05-31,29.46352767944336,45.7400016784668,46.0,45.56999969482422,45.810001373291016,2399400
2011-06-01,29.218730926513672,45.36000061035156,46.52999877929688,45.31999969482422,45.54999923706055,2713600
2011-06-02,28.99973487854004,45.02000045776367,45.7400016784668,44.959999084472656,45.470001220703125,1359300
2011-06-03,28.574602127075195,44.36000061035156,44.75,43.9900016784668,44.66999816894531,2141000
2011-06-06,28.568153381347656,44.34999847412109,44.43999862670898,43.869998931884766,44.16999816894531,1649500
2011-06-07,28.03993797302246,43.52999877929688,44.880001068115234,43.470001220703125,44.52000045776367,1594800
2011-06-08,27.711435317993164,43.02000045776367,43.56999969482422,42.93999862670898,43.5,908300
2011-06-09,27.90467834472656,43.31999969482422,43.61000061035156,43.02999877929688,43.150001525878906,749500
2011-06-10,27.48597526550293,42.66999816894531,43.20000076293945,42.630001068115234,43.060001373291016,818900
2011-06-13,27.64057159423828,42.90999984741211,43.18000030517578,42.70000076293945,42.720001220703125,1103000
2011-06-14,28.065710067749023,43.56999969482422,43.880001068115234,43.290000915527344,43.36000061035156,1082400
2011-06-15,28.085037231445312,43.59999847412109,43.70000076293945,43.13999938964844,43.209999084472656,1338300
2011-06-16,28.001293182373047,43.470001220703125,44.0,43.29999923706055,43.5,837300
2011-06-17,27.930444717407227,43.36000061035156,44.0099983215332,43.36000061035156,43.86000061035156,863400
2011-06-20,28.387784957885746,44.06999969482422,44.09999847412109,43.209999084472656,43.209999084472656,676900
2011-06-21,28.329814910888672,43.97999954223633,44.5,43.91999816894531,44.13999938964844,869500
2011-06-22,28.246074676513672,43.84999847412109,44.130001068115234,43.709999084472656,43.7400016784668,1261200
2011-06-23,28.117246627807617,43.650001525878906,43.86000061035156,43.18999862670898,43.41999816894531,1129100
2011-06-24,27.92399787902832,43.34999847412109,43.9900016784668,43.15999984741211,43.77000045776367,707200
2011-06-27,28.1816520690918,43.75,44.0099983215332,43.43000030517578,43.45000076293945,811600
2011-06-28,28.742074966430664,44.619998931884766,44.65999984741211,43.790000915527344,44.310001373291016,1054500
2011-06-29,28.568153381347656,44.34999847412109,44.79999923706055,44.13999938964844,44.7400016784668,806200
2011-06-30,28.29760360717773,43.93000030517578,44.59999847412109,43.79999923706055,44.40999984741211,2098500
2011-07-01,29.154333114624023,45.2599983215332,45.29999923706055,44.04999923706055,44.04999923706055,1448300
2011-07-05,29.630998611450195,46.0,46.0099983215332,45.20000076293945,45.310001373291016,1614500
2011-07-06,29.26383781433105,45.43000030517578,46.0099983215332,45.20000076293945,45.97999954223633,1380800
2011-07-07,29.42487144470215,45.68000030517578,45.93999862670898,45.2599983215332,45.709999084472656,997500
2011-07-08,28.76141166687012,44.650001525878906,45.209999084472656,44.06999969482422,45.130001068115234,1398100
2011-07-11,27.75651359558105,43.09000015258789,44.040000915527344,42.91999816894531,44.040000915527344,2318100
2011-07-12,27.85958671569824,43.25,43.61000061035156,42.97999954223633,42.97999954223633,1473900
2011-07-13,27.30561065673828,42.38999938964844,43.560001373291016,42.36000061035156,43.470001220703125,2026700
2011-07-14,26.60993194580078,41.310001373291016,42.59000015258789,41.25,42.59000015258789,4096100
2011-07-15,26.648582458496094,41.369998931884766,42.380001068115234,41.04999923706055,41.93999862670898,5872600
2011-07-18,25.379602432250977,39.400001525878906,41.29999923706055,39.310001373291016,41.09000015258789,7007800
2011-07-19,25.38604164123535,39.40999984741211,39.72999954223633,38.77000045776367,39.560001373291016,3822000
2011-07-20,25.360280990600582,39.369998931884766,39.66999816894531,39.16999816894531,39.400001525878906,1566900
2011-07-21,25.41824722290039,39.459999084472656,39.83000183105469,39.27999877929688,39.47999954223633,1888800
2011-07-22,26.08816146850586,40.5,40.72999954223633,39.65999984741211,39.77999877929688,2609000
2011-07-25,26.0366325378418,40.41999816894531,40.77999877929688,39.959999084472656,40.25,2832300
2011-07-26,25.959333419799805,40.29999923706055,40.59999847412109,40.11000061035156,40.52999877929688,1729100
2011-07-27,25.69523048400879,39.88999938964844,40.369998931884766,39.68999862670898,40.16999816894531,2718900
2011-07-28,25.7666244506836,39.70000076293945,40.34000015258789,39.5,39.7599983215332,1828000
2011-07-29,25.675762176513672,39.560001373291016,39.81999969482422,39.09999847412109,39.34999847412109,1975900
2011-08-01,25.591381072998047,39.43000030517578,39.86000061035156,39.02999877929688,39.790000915527344,2286100
2011-08-02,24.572404861450195,37.86000061035156,39.15999984741211,37.86000061035156,39.130001068115234,2226400
2011-08-03,25.09811210632324,38.66999816894531,38.810001373291016,37.63999938964844,37.93999862670898,2304900
2011-08-04,24.18948173522949,37.27000045776367,38.5099983215332,37.27000045776367,38.36000061035156,2257800
2011-08-05,24.17649269104004,37.25,38.09999847412109,36.380001068115234,37.630001068115234,2735100
2011-08-08,22.39165306091309,34.5,36.869998931884766,34.459999084472656,36.52000045776367,3035600
2011-08-09,23.15751075744629,35.68000030517578,35.72999954223633,33.81999969482422,34.959999084472656,4150600
2011-08-10,23.04068374633789,35.5,36.59999847412109,34.900001525878906,35.209999084472656,4150300
2011-08-11,23.98178672790528,36.95000076293945,37.34999847412109,35.560001373291016,35.790000915527344,3135300
2011-08-12,24.306297302246094,37.45000076293945,37.7599983215332,36.630001068115234,37.02999877929688,2065500
2011-08-15,24.585384368896484,37.880001068115234,38.0099983215332,37.34000015258789,37.720001220703125,1714300
2011-08-16,24.351726531982425,37.52000045776367,38.15999984741211,37.2400016784668,37.290000915527344,2459000
2011-08-17,24.351726531982425,37.52000045776367,38.06999969482422,37.29999923706055,37.84000015258789,2031200
2011-08-18,23.183473587036133,35.720001220703125,36.869998931884766,35.400001525878906,36.4900016784668,1979300
2011-08-19,23.64428901672364,36.43000030517578,37.27000045776367,35.18000030517578,35.349998474121094,2459300
2011-08-22,23.826017379760746,36.709999084472656,37.2400016784668,36.470001220703125,37.15999984741211,1415000
2011-08-23,24.397167205810547,37.59000015258789,37.68999862670898,36.33000183105469,36.79999923706055,2088600
2011-08-24,24.65678024291992,37.9900016784668,38.20000076293945,37.34000015258789,37.459999084472656,1620400
2011-08-25,24.04668235778809,37.04999923706055,38.380001068115234,37.04999923706055,38.2599983215332,1529700
2011-08-26,23.89740943908692,36.81999969482422,37.15999984741211,35.95000076293945,36.880001068115234,2023100
2011-08-29,24.455581665039062,37.68000030517578,37.900001525878906,37.0,37.18999862670898,2126100
2011-08-30,24.71519470214844,38.08000183105469,38.34000015258789,37.5,37.58000183105469,1588100
2011-08-31,25.1435546875,38.7400016784668,38.91999816894531,38.09000015258789,38.290000915527344,2339200
2011-09-01,24.475053787231445,37.709999084472656,39.02999877929688,37.66999816894531,38.90999984741211,1476700
2011-09-02,23.6832275390625,36.4900016784668,37.25,36.43000030517578,37.0099983215332,953000
2011-09-06,23.04068374633789,35.5,35.779998779296875,35.0,35.5099983215332,2074000
2011-09-07,23.57288932800293,36.31999969482422,36.36000061035156,35.880001068115234,36.0099983215332,1827800
2011-09-08,23.61183357238769,36.380001068115234,36.630001068115234,35.91999816894531,35.97999954223633,1769300
2011-09-09,23.54694175720215,36.27999877929688,36.41999816894531,35.56999969482422,35.88999938964844,2114200
2011-09-12,23.228900909423828,35.790000915527344,36.0,35.130001068115234,35.72999954223633,3031800
2011-09-13,23.384674072265625,36.02999877929688,36.25,35.29999923706055,35.5,2444200
2011-09-14,24.053173065185547,37.060001373291016,37.41999816894531,35.70000076293945,36.2599983215332,3519300
2011-09-15,23.46255874633789,36.150001525878906,37.29999923706055,36.02999877929688,37.18999862670898,2142800
2011-09-16,23.37818145751953,36.02000045776367,36.709999084472656,35.689998626708984,36.29999923706055,4965200
2011-09-19,23.189966201782227,35.72999954223633,36.0099983215332,35.27000045776367,35.56999969482422,1320100
2011-09-20,22.94333267211914,35.349998474121094,35.970001220703125,35.290000915527344,35.86000061035156,1587900
2011-09-21,22.46953582763672,34.619998931884766,35.70000076293945,34.61000061035156,35.290000915527344,1519500
2011-09-22,22.203428268432617,34.209999084472656,34.380001068115234,33.209999084472656,33.77000045776367,3069900
2011-09-23,22.35919761657715,34.45000076293945,34.65999984741211,34.02000045776367,34.09000015258789,1703900
2011-09-26,22.76809501647949,35.08000183105469,35.130001068115234,34.220001220703125,34.75,1843000
2011-09-27,22.72914123535156,35.02000045776367,35.88999938964844,34.86000061035156,35.56999969482422,1933200
2011-09-28,22.11256980895996,34.06999969482422,35.220001220703125,34.0099983215332,35.0099983215332,1721300
2011-09-29,22.086610794067383,34.029998779296875,34.439998626708984,33.470001220703125,34.130001068115234,2065900
2011-09-30,21.164981842041016,32.61000061035156,33.779998779296875,32.560001373291016,33.630001068115234,2504500
2011-10-03,20.7625789642334,31.989999771118164,33.099998474121094,31.96999931335449,32.29999923706055,2427000
2011-10-04,20.944305419921875,32.27000045776367,32.63999938964844,31.36000061035156,31.56999969482422,2782400
2011-10-05,21.77507209777832,33.54999923706055,33.630001068115234,32.16999816894531,32.22999954223633,3031400
2011-10-06,21.74910545349121,33.5099983215332,33.65999984741211,33.189998626708984,33.63999938964844,1464300
2011-10-07,21.58035469055176,33.25,34.0,33.20000076293945,33.5,2394900
2011-10-10,22.547426223754883,34.7400016784668,34.77000045776367,33.61000061035156,33.68000030517578,1548200
2011-10-11,22.618816375732425,34.849998474121094,35.099998474121094,33.86000061035156,34.369998931884766,2258700
2011-10-12,22.61232185363769,34.84000015258789,35.220001220703125,34.45000076293945,34.9900016784668,2672300
2011-10-13,22.28780174255371,34.34000015258789,35.130001068115234,34.27000045776367,34.66999816894531,1907700
2011-10-14,22.55390930175781,34.75,34.77000045776367,33.79999923706055,34.43000030517578,1974800
2011-10-17,22.709678649902344,34.9900016784668,35.2599983215332,32.84000015258789,33.54999923706055,3552800
2011-10-18,22.55390930175781,34.75,34.970001220703125,33.4900016784668,34.09000015258789,3804400
2011-10-19,22.21641159057617,34.22999954223633,34.91999816894531,34.130001068115234,34.79999923706055,1516400
2011-10-20,22.683712005615234,34.95000076293945,35.04999923706055,34.279998779296875,34.290000915527344,1671700
2011-10-21,22.76809501647949,35.08000183105469,35.47999954223633,34.61000061035156,35.310001373291016,2167500
2011-10-24,23.936351776123047,36.880001068115234,36.90999984741211,35.119998931884766,35.220001220703125,2454600
2011-10-25,23.41712951660156,36.08000183105469,36.90999984741211,36.02000045776367,36.79999923706055,1735000
2011-10-26,24.124574661254883,37.16999816894531,37.45000076293945,36.02000045776367,36.52000045776367,2418100
2011-10-27,25.176006317138672,38.790000915527344,39.20000076293945,37.959999084472656,38.04999923706055,2619200
2011-10-28,24.90128898620605,38.06999969482422,38.720001220703125,37.52999877929688,38.52999877929688,2244300
2011-10-31,24.89474296569824,38.060001373291016,38.47999954223633,37.59999847412109,37.900001525878906,2186600
2011-11-01,24.796628952026367,37.90999984741211,38.36000061035156,36.75,37.09999847412109,2523000
2011-11-02,25.195632934570312,38.52000045776367,38.59999847412109,37.90999984741211,38.33000183105469,1986100
2011-11-03,25.470348358154297,38.93999862670898,39.02000045776367,37.95000076293945,38.75,1605300
2011-11-04,25.28720092773437,38.65999984741211,38.9900016784668,38.060001373291016,38.7599983215332,1058000
2011-11-07,25.3133602142334,38.70000076293945,39.0099983215332,38.18999862670898,38.59000015258789,1030600
2011-11-08,25.470348358154297,38.93999862670898,38.970001220703125,38.31999969482422,38.7400016784668,949100
2011-11-09,23.84165382385254,36.45000076293945,38.34999847412109,35.720001220703125,38.20000076293945,3325200
2011-11-10,24.037885665893555,36.75,37.15999984741211,36.209999084472656,36.7599983215332,1692500
2011-11-11,24.436885833740234,37.36000061035156,37.58000183105469,36.90999984741211,37.209999084472656,968400
2011-11-14,24.103302001953125,36.84999847412109,37.41999816894531,36.68999862670898,37.33000183105469,665200
2011-11-15,24.351852416992188,37.22999954223633,37.43000030517578,36.540000915527344,36.68999862670898,715900
2011-11-16,23.737001419067383,36.290000915527344,37.15999984741211,36.220001220703125,37.09999847412109,1207600
2011-11-17,23.16794204711914,35.41999816894531,36.36000061035156,35.290000915527344,36.34000015258789,1260800
2011-11-18,23.56694221496582,36.02999877929688,36.18000030517578,35.45000076293945,35.7400016784668,1027500
2011-11-21,22.952089309692383,35.09000015258789,35.79999923706055,34.709999084472656,35.79999923706055,1371300
2011-11-22,22.8343563079834,34.90999984741211,35.2599983215332,34.56999969482422,35.189998626708984,1012900
2011-11-23,22.409194946289062,34.2599983215332,34.779998779296875,34.13999938964844,34.75,1093100
2011-11-25,22.33724594116211,34.150001525878906,34.65999984741211,34.13999938964844,34.38999938964844,291200
2011-11-28,22.958627700805664,35.099998474121094,35.900001525878906,34.75,35.130001068115234,1041800
2011-11-29,22.74277687072754,34.77000045776367,35.5099983215332,34.7599983215332,35.27000045776367,907000
2011-11-30,23.42304420471192,35.810001373291016,35.97999954223633,35.5099983215332,35.72999954223633,1346200
2011-12-01,23.15486717224121,35.400001525878906,36.09000015258789,35.349998474121094,35.90999984741211,1181200
2011-12-02,23.573474884033203,36.040000915527344,36.470001220703125,35.54999923706055,35.77000045776367,1093400
2011-12-05,24.057504653930664,36.77999877929688,37.02000045776367,36.27999877929688,36.47999954223633,1210600
2011-12-06,24.28644180297852,37.130001068115234,37.34999847412109,36.36000061035156,36.900001525878906,1248000
2011-12-07,24.221031188964844,37.02999877929688,37.20000076293945,36.5,37.02999877929688,1244600
2011-12-08,23.82204246520996,36.41999816894531,37.31999969482422,36.369998931884766,36.84999847412109,1446400
2011-12-09,24.044422149658203,36.7599983215332,36.9900016784668,36.34000015258789,36.5,823200
2011-12-12,23.78932762145996,36.369998931884766,37.0099983215332,36.150001525878906,37.0099983215332,847100
2011-12-13,22.768943786621094,34.810001373291016,36.619998931884766,34.720001220703125,36.61000061035156,1511200
2011-12-14,22.141016006469727,33.849998474121094,34.900001525878906,33.79999923706055,34.900001525878906,1492600
2011-12-15,22.435361862182617,34.29999923706055,34.43000030517578,33.36000061035156,34.0,1860600
2011-12-16,22.25221443176269,34.02000045776367,34.68000030517578,33.79999923706055,34.529998779296875,2643600
2011-12-19,21.441133499145508,32.779998779296875,33.650001525878906,32.68000030517578,33.619998931884766,1933600
2011-12-20,21.43459701538086,32.77000045776367,33.310001373291016,32.599998474121094,33.08000183105469,2694200
2011-12-21,21.696231842041016,33.16999816894531,33.20000076293945,32.52000045776367,32.84000015258789,1562600
2011-12-22,21.035600662231445,32.15999984741211,33.13999938964844,32.130001068115234,33.04999923706055,2137700
2011-12-23,21.212203979492188,32.43000030517578,32.61000061035156,32.099998474121094,32.29999923706055,1010000
2011-12-27,21.02252578735352,32.13999938964844,32.459999084472656,31.89999961853028,32.45000076293945,1496300
2011-12-28,20.702016830444336,31.64999961853028,32.310001373291016,31.51000022888184,32.310001373291016,860200
2011-12-29,20.95711326599121,32.040000915527344,32.16999816894531,31.71999931335449,31.82999992370605,915200
2011-12-30,20.85899543762207,31.88999938964844,32.150001525878906,31.790000915527344,32.13999938964844,1371800
2012-01-03,21.02252578735352,32.13999938964844,32.560001373291016,32.02000045776367,32.2599983215332,2693900
2012-01-04,21.303783416748047,32.56999969482422,32.56999969482422,32.099998474121094,32.20000076293945,1758400
2012-01-05,21.34956359863281,32.63999938964844,32.939998626708984,32.400001525878906,32.47999954223633,2872700
2012-01-06,20.865537643432617,31.89999961853028,32.75,31.64999961853028,32.689998626708984,3105400
2012-01-09,21.244909286499023,32.47999954223633,32.59000015258789,32.0099983215332,32.060001373291016,2875000
2012-01-10,21.526168823242188,32.90999984741211,33.04999923706055,32.63999938964844,32.79999923706055,1880300
2012-01-11,21.74856376647949,33.25,33.279998779296875,32.70000076293945,32.93000030517578,1833400
2012-01-12,21.643909454345703,33.09000015258789,33.400001525878906,32.689998626708984,33.380001068115234,1783000
2012-01-13,21.382266998291016,32.689998626708984,33.349998474121094,32.4900016784668,32.81999969482422,2227900
2012-01-17,21.650447845458984,33.099998474121094,33.470001220703125,32.56999969482422,32.58000183105469,4309000
2012-01-18,21.63083267211914,33.06999969482422,33.189998626708984,32.560001373291016,32.88999938964844,2977300
2012-01-19,21.421504974365234,32.75,33.22999954223633,32.290000915527344,33.20000076293945,3774800
2012-01-20,21.421504974365234,32.75,32.91999816894531,32.470001220703125,32.790000915527344,1838300
2012-01-23,22.1606388092041,33.880001068115234,33.97999954223633,32.849998474121094,32.88999938964844,2295700
2012-01-24,22.415740966796875,34.27000045776367,34.369998931884766,33.810001373291016,33.86000061035156,2155500
2012-01-25,22.89976119995117,35.0099983215332,35.13999938964844,33.939998626708984,34.2599983215332,2144900
2012-01-26,22.82781791687012,34.900001525878906,35.400001525878906,34.72999954223633,35.20000076293945,1857200
2012-01-27,22.93247413635254,35.060001373291016,35.209999084472656,34.709999084472656,34.849998474121094,1781400
2012-01-30,22.73455238342285,34.459999084472656,34.619998931884766,34.119998931884766,34.599998474121094,2398800
2012-01-31,23.031429290771484,34.90999984741211,35.380001068115234,34.72999954223633,34.79999923706055,2167600
2012-02-01,23.02483558654785,34.900001525878906,35.61000061035156,34.810001373291016,35.209999084472656,2198100
2012-02-02,23.18317413330078,35.13999938964844,35.45000076293945,34.869998931884766,35.0,1874400
2012-02-03,23.658187866210938,35.86000061035156,36.11000061035156,35.59000015258789,35.7400016784668,1896100
2012-02-06,24.18597412109375,36.65999984741211,36.90999984741211,34.540000915527344,35.189998626708984,4066300
2012-02-07,24.021032333374023,36.40999984741211,36.70000076293945,36.290000915527344,36.70000076293945,1855700
2012-02-08,23.572418212890625,35.72999954223633,36.54999923706055,35.720001220703125,36.41999816894531,2063700
2012-02-09,24.13979148864746,36.59000015258789,36.869998931884766,35.779998779296875,35.9900016784668,3056100
2012-02-10,24.30472946166992,36.84000015258789,37.08000183105469,36.0,36.310001373291016,2433500
2012-02-13,24.212358474731445,36.70000076293945,37.630001068115234,36.54999923706055,37.0,2360200
2012-02-14,24.133190155029297,36.58000183105469,36.959999084472656,36.36000061035156,36.68999862670898,2452600
2012-02-15,23.40748405456543,35.47999954223633,36.380001068115234,34.560001373291016,35.970001220703125,2558700
2012-02-16,23.70435905456543,35.93000030517578,36.09000015258789,35.380001068115234,35.560001373291016,1570700
2012-02-17,23.869293212890625,36.18000030517578,36.43000030517578,35.83000183105469,36.27999877929688,1167600
2012-02-21,23.51963424682617,35.650001525878906,36.43000030517578,35.52000045776367,36.43000030517578,1096100
2012-02-22,22.774133682250977,34.52000045776367,35.63999938964844,34.45000076293945,35.470001220703125,2487000
2012-02-23,23.15677261352539,35.099998474121094,35.2400016784668,34.5,34.5,1299700
2012-02-24,22.998443603515625,34.86000061035156,35.459999084472656,34.7599983215332,35.220001220703125,1890300
2012-02-27,23.341508865356445,35.380001068115234,35.56999969482422,34.56999969482422,34.75,1586300
2012-02-28,23.26234245300293,35.2599983215332,35.869998931884766,34.959999084472656,35.529998779296875,1157800
2012-02-29,23.301921844482425,35.31999969482422,35.619998931884766,35.0,35.38999938964844,1726700
2012-03-01,23.354711532592773,35.400001525878906,35.709999084472656,35.22999954223633,35.65999984741211,1301400
2012-03-02,23.22935485839844,35.209999084472656,35.4900016784668,35.040000915527344,35.43000030517578,1238000
2012-03-05,23.51963424682617,35.650001525878906,35.75,35.11000061035156,35.22999954223633,1352600
2012-03-06,22.85990333557129,34.650001525878906,35.58000183105469,34.540000915527344,35.41999816894531,1840900
2012-03-07,22.81372261047364,34.58000183105469,34.849998474121094,34.40999984741211,34.849998474121094,1090700
2012-03-08,22.998443603515625,34.86000061035156,34.95000076293945,34.41999816894531,34.939998626708984,1074700
2012-03-09,23.20955467224121,35.18000030517578,35.25,34.880001068115234,35.029998779296875,658000
2012-03-12,23.361297607421875,35.40999984741211,35.66999816894531,35.220001220703125,35.25,862800
2012-03-13,23.539426803588867,35.68000030517578,35.7400016784668,35.290000915527344,35.61000061035156,690100
2012-03-14,23.394287109375,35.459999084472656,35.77000045776367,35.27000045776367,35.720001220703125,711600
2012-03-15,23.42727470397949,35.5099983215332,35.709999084472656,34.779998779296875,35.599998474121094,1046300
2012-03-16,23.387693405151367,35.45000076293945,35.7599983215332,35.16999816894531,35.63999938964844,1496900
2012-03-19,23.981454849243164,36.34999847412109,36.43999862670898,35.34000015258789,35.40999984741211,1477900
2012-03-20,23.77033424377441,36.02999877929688,36.209999084472656,35.7400016784668,36.18999862670898,891800
2012-03-21,23.57901191711425,35.7400016784668,36.33000183105469,35.72999954223633,36.18999862670898,972000
2012-03-22,23.70435905456543,35.93000030517578,35.97999954223633,35.470001220703125,35.4900016784668,803100
2012-03-23,24.0012435913086,36.380001068115234,36.40999984741211,35.810001373291016,36.02000045776367,876900
2012-03-26,24.476259231567383,37.09999847412109,37.369998931884766,36.56999969482422,36.59000015258789,1307400
2012-03-27,24.63458633422852,37.34000015258789,37.70000076293945,37.02000045776367,37.119998931884766,1496200
2012-03-28,24.555435180664062,37.220001220703125,37.36000061035156,36.810001373291016,37.18999862670898,1789000
2012-03-29,24.502641677856445,37.13999938964844,37.27999877929688,36.91999816894531,37.13999938964844,1816800
2012-03-30,24.225557327270508,36.720001220703125,37.4900016784668,36.709999084472656,37.4900016784668,1207600
2012-04-02,24.60160446166992,37.290000915527344,37.54999923706055,36.72999954223633,36.86000061035156,1140200
2012-04-03,24.63458633422852,37.34000015258789,37.52000045776367,37.060001373291016,37.34999847412109,1117600
2012-04-04,24.37728881835937,36.95000076293945,37.2400016784668,36.900001525878906,37.130001068115234,1462600
2012-04-05,24.410280227661133,37.0,37.09999847412109,36.75,36.79999923706055,889900
2012-04-09,23.862695693969727,36.16999816894531,36.619998931884766,35.97999954223633,36.619998931884766,1238100
2012-04-10,23.460250854492188,35.560001373291016,36.220001220703125,35.41999816894531,36.16999816894531,1767800
2012-04-11,23.77033424377441,36.02999877929688,36.20000076293945,35.79999923706055,35.90999984741211,862600
2012-04-12,23.92207908630371,36.2599983215332,36.470001220703125,36.0,36.0,906600
2012-04-13,23.869293212890625,36.18000030517578,36.380001068115234,35.900001525878906,36.130001068115234,3932600
2012-04-16,23.59221267700196,35.7599983215332,36.08000183105469,34.9900016784668,35.599998474121094,6414600
2012-04-17,24.13979148864746,36.59000015258789,36.66999816894531,36.0,36.09999847412109,1002200
2012-04-18,23.96825790405273,36.33000183105469,36.66999816894531,36.11000061035156,36.66999816894531,1772000
2012-04-19,23.60540008544922,35.779998779296875,36.47999954223633,35.689998626708984,36.38999938964844,1544200
2012-04-20,23.69776725769043,35.91999816894531,36.400001525878906,35.810001373291016,36.11000061035156,2083300
2012-04-23,22.45745658874512,34.040000915527344,35.5,33.810001373291016,35.4900016784668,5351000
2012-04-24,23.176576614379883,35.130001068115234,35.38999938964844,33.959999084472656,33.959999084472656,3301600
2012-04-25,23.50644493103028,35.630001068115234,35.779998779296875,35.20000076293945,35.529998779296875,1942200
2012-04-26,24.07381820678711,36.4900016784668,36.59000015258789,35.54999923706055,35.869998931884766,2807300
2012-04-27,24.440284729003903,36.68000030517578,36.75,36.13999938964844,36.22999954223633,1559400
2012-04-30,24.48026657104492,36.7400016784668,36.86000061035156,36.41999816894531,36.70000076293945,1447700
2012-05-01,24.573545455932617,36.880001068115234,37.220001220703125,36.59000015258789,36.88999938964844,1746000
2012-05-02,24.68016624450684,37.040000915527344,37.11000061035156,36.5,36.810001373291016,1286300
2012-05-03,24.640182495117188,36.97999954223633,37.2400016784668,36.7400016784668,37.0,1094500
2012-05-04,24.04715919494629,36.09000015258789,36.619998931884766,36.0,36.18000030517578,2994900
2012-05-07,24.22040557861328,36.34999847412109,37.060001373291016,36.060001373291016,36.27000045776367,2902600
2012-05-08,23.9405517578125,35.93000030517578,36.20000076293945,35.34000015258789,36.09000015258789,1596100
2012-05-09,23.54742813110352,35.34000015258789,35.7599983215332,35.130001068115234,35.7599983215332,1202200
2012-05-10,23.640718460083008,35.47999954223633,35.869998931884766,35.20000076293945,35.709999084472656,1369800
2012-05-11,23.77397346496582,35.68000030517578,36.0,35.25,35.40999984741211,1264000
2012-05-14,23.387508392333984,35.099998474121094,35.540000915527344,35.0,35.27000045776367,1355200
2012-05-15,23.9871883392334,36.0,36.630001068115234,35.09000015258789,35.150001525878906,2333600
2012-05-16,24.087141036987305,36.150001525878906,36.54999923706055,36.0,36.36000061035156,1517700
2012-05-17,23.140979766845703,34.72999954223633,36.290000915527344,34.72999954223633,36.15999984741211,1220800
2012-05-18,22.814491271972656,34.2400016784668,34.97999954223633,34.13999938964844,34.75,1466000
2012-05-21,22.92776107788086,34.40999984741211,34.439998626708984,33.41999816894531,34.380001068115234,1559700
2012-05-22,22.96773910522461,34.470001220703125,34.65999984741211,34.25,34.52000045776367,1127400
2012-05-23,23.08767318725586,34.650001525878906,34.689998626708984,34.02000045776367,34.25,1000000
2012-05-24,23.04769515991211,34.59000015258789,34.88999938964844,34.20000076293945,34.349998474121094,3236700
2012-05-25,23.260915756225582,34.90999984741211,35.08000183105469,34.5099983215332,34.77000045776367,1072300
2012-05-29,23.667360305786133,35.52000045776367,35.84000015258789,35.130001068115234,35.33000183105469,1604900
2012-05-30,23.51411437988281,35.290000915527344,35.4900016784668,35.130001068115234,35.33000183105469,1570900
2012-05-31,23.600736618041992,35.41999816894531,35.72999954223633,35.08000183105469,35.33000183105469,2153800
2012-06-01,23.294225692749023,34.959999084472656,35.369998931884766,34.720001220703125,34.95000076293945,1773000
2012-06-04,23.01437759399414,34.540000915527344,35.15999984741211,34.150001525878906,34.88999938964844,1990400
2012-06-05,22.96107482910156,34.459999084472656,34.779998779296875,34.349998474121094,34.459999084472656,1735100
2012-06-06,23.24092674255371,34.880001068115234,34.970001220703125,34.58000183105469,34.83000183105469,1658000
2012-06-07,23.23425674438477,34.869998931884766,35.470001220703125,34.790000915527344,35.290000915527344,940100
2012-06-08,22.98773193359375,34.5,34.97999954223633,34.43000030517578,34.97999954223633,1994800
2012-06-11,22.56128692626953,33.86000061035156,34.810001373291016,33.810001373291016,34.77000045776367,1372300
2012-06-12,22.8677921295166,34.31999969482422,34.369998931884766,33.75,34.22999954223633,978000
2012-06-13,22.55462074279785,33.849998474121094,34.34000015258789,33.75,34.27000045776367,1443500
2012-06-14,22.69455909729004,34.060001373291016,34.34000015258789,33.81999969482422,34.0,1847600
2012-06-15,22.98773193359375,34.5,34.59000015258789,33.91999816894531,34.099998474121094,2435600
2012-06-18,22.954404830932617,34.45000076293945,34.5,34.11000061035156,34.349998474121094,856200
2012-06-19,23.174291610717773,34.779998779296875,35.16999816894531,34.529998779296875,34.7400016784668,1081900
2012-06-20,23.01437759399414,34.540000915527344,34.90999984741211,34.279998779296875,34.90999984741211,1281400
2012-06-21,22.62125587463379,33.95000076293945,34.900001525878906,33.84000015258789,34.7400016784668,1470500
2012-06-22,22.567947387695312,33.869998931884766,34.369998931884766,33.54999923706055,34.2400016784668,1421600
2012-06-25,22.094871520996094,33.15999984741211,33.72999954223633,33.040000915527344,33.72999954223633,1330000
2012-06-26,21.96827507019043,32.970001220703125,33.75,32.91999816894531,33.27000045776367,1395600
2012-06-27,21.50184440612793,32.27000045776367,33.060001373291016,32.209999084472656,32.43000030517578,4559600
2012-06-28,22.00824546813965,33.029998779296875,33.130001068115234,32.0,32.18000030517578,2183000
2012-06-29,22.567947387695312,33.869998931884766,33.95000076293945,33.540000915527344,33.63999938964844,1331300
2012-07-02,22.741195678710938,34.130001068115234,34.43000030517578,33.79999923706055,34.150001525878906,1186400
2012-07-03,22.56128692626953,33.86000061035156,34.310001373291016,33.540000915527344,34.13999938964844,857400
2012-07-05,22.901105880737305,34.369998931884766,34.4900016784668,33.79999923706055,33.959999084472656,1122300
2012-07-06,22.7678451538086,34.16999816894531,34.2400016784668,33.61000061035156,34.2400016784668,915000
2012-07-09,22.641244888305664,33.97999954223633,34.40999984741211,33.61000061035156,34.189998626708984,1183400
2012-07-10,22.428022384643555,33.65999984741211,34.16999816894531,33.27000045776367,34.16999816894531,1334200
2012-07-11,22.308086395263672,33.47999954223633,33.880001068115234,33.09000015258789,33.790000915527344,1100800
2012-07-12,21.908308029174805,32.880001068115234,33.400001525878906,32.81999969482422,33.279998779296875,1525000
2012-07-13,21.92828941345215,32.90999984741211,33.02000045776367,32.41999816894531,32.77000045776367,2210500
2012-07-16,21.555158615112305,32.349998474121094,32.939998626708984,32.290000915527344,32.83000183105469,1347200
2012-07-17,22.16150283813477,33.2599983215332,33.77000045776367,32.63999938964844,33.0,2777700
2012-07-18,22.16816139221192,33.27000045776367,33.68000030517578,33.029998779296875,33.150001525878906,1511500
2012-07-19,22.468000411987305,33.720001220703125,33.880001068115234,33.2400016784668,33.5,3251900
2012-07-20,22.5479679107666,33.84000015258789,34.09000015258789,33.34000015258789,33.560001373291016,4675000
2012-07-23,23.447481155395508,35.189998626708984,36.459999084472656,34.720001220703125,35.0,7029100
2012-07-24,23.294225692749023,34.959999084472656,35.79999923706055,34.72999954223633,35.380001068115234,2192000
2012-07-25,23.12765121459961,34.709999084472656,35.18000030517578,34.560001373291016,35.119998931884766,1578100
2012-07-26,23.54076766967773,35.33000183105469,35.41999816894531,34.75,35.099998474121094,1391100
2012-07-27,24.160438537597656,36.2599983215332,36.369998931884766,35.45000076293945,35.5099983215332,2026700
2012-07-30,24.43635940551757,36.310001373291016,36.369998931884766,35.59000015258789,35.939998626708984,1609200
2012-07-31,24.10660552978516,35.81999969482422,36.56999969482422,35.75,36.5,1172500
2012-08-01,24.01237678527832,35.68000030517578,36.16999816894531,35.650001525878906,36.15999984741211,1150500
2012-08-02,23.79702377319336,35.36000061035156,35.720001220703125,35.0099983215332,35.650001525878906,1335200
2012-08-03,24.27484130859375,36.06999969482422,36.310001373291016,35.599998474121094,35.91999816894531,1214200
2012-08-06,24.53731155395508,36.459999084472656,36.630001068115234,36.09999847412109,36.22999954223633,1467200
2012-08-07,24.766128540039062,36.79999923706055,36.9900016784668,36.540000915527344,36.77000045776367,1309200
2012-08-08,24.927654266357425,37.040000915527344,37.06999969482422,36.59999847412109,36.81999969482422,1034200
2012-08-09,25.14972877502441,37.369998931884766,38.310001373291016,36.93000030517578,37.060001373291016,1650400
2012-08-10,25.277603149414062,37.560001373291016,37.59999847412109,36.58000183105469,37.380001068115234,1152400
2012-08-13,25.291065216064453,37.58000183105469,37.88999938964844,37.209999084472656,37.77999877929688,992900
2012-08-14,25.331439971923828,37.63999938964844,37.97999954223633,37.47999954223633,37.77000045776367,804000
2012-08-15,25.385284423828125,37.720001220703125,38.0,37.52000045776367,37.61000061035156,1087800
2012-08-16,25.735240936279297,38.2400016784668,38.310001373291016,37.65999984741211,37.77999877929688,1396700
2012-08-17,25.735240936279297,38.2400016784668,38.59999847412109,37.970001220703125,38.29999923706055,1075400
2012-08-20,25.65447235107422,38.119998931884766,38.310001373291016,37.77000045776367,38.310001373291016,1180700
2012-08-21,25.56699180603028,37.9900016784668,38.31999969482422,37.83000183105469,38.29999923706055,754300
2012-08-22,25.405473709106445,37.75,38.040000915527344,37.619998931884766,38.040000915527344,621700
2012-08-23,25.09589576721192,37.290000915527344,37.72999954223633,37.13999938964844,37.650001525878906,934600
2012-08-24,25.230499267578125,37.4900016784668,37.4900016784668,36.959999084472656,37.06999969482422,1523500
2012-08-27,25.35162925720215,37.66999816894531,38.0,37.560001373291016,37.68000030517578,1066200
2012-08-28,25.237224578857425,37.5,37.72999954223633,37.27999877929688,37.52999877929688,1196500
2012-08-29,25.237224578857425,37.5,37.7400016784668,37.2599983215332,37.43000030517578,1207900
2012-08-30,25.1699275970459,37.400001525878906,37.59000015258789,37.02000045776367,37.459999084472656,1179100
2012-08-31,25.24394798278809,37.5099983215332,37.869998931884766,37.369998931884766,37.650001525878906,750100
2012-09-04,25.03532600402832,37.20000076293945,37.52999877929688,36.83000183105469,37.47999954223633,1262800
2012-09-05,24.988224029541016,37.130001068115234,37.2400016784668,36.75,37.09999847412109,792600
2012-09-06,25.540077209472656,37.95000076293945,38.150001525878906,37.33000183105469,37.33000183105469,1148200
2012-09-07,25.331439971923828,37.63999938964844,38.5,37.59000015258789,38.09000015258789,859500
2012-09-10,25.47277069091797,37.84999847412109,38.02000045776367,37.33000183105469,37.5099983215332,1214300
2012-09-11,25.95060539245605,38.560001373291016,38.59000015258789,37.560001373291016,38.06999969482422,1291600
2012-09-12,26.152488708496094,38.86000061035156,38.97999954223633,38.380001068115234,38.68999862670898,1628100
2012-09-13,26.293819427490234,39.06999969482422,39.20000076293945,38.52999877929688,38.900001525878906,1013900
2012-09-14,26.892786026000977,39.959999084472656,39.97999954223633,38.97999954223633,39.16999816894531,1720000
2012-09-17,26.21979141235352,38.959999084472656,39.29999923706055,38.72999954223633,38.900001525878906,1810900
2012-09-18,26.03135871887207,38.68000030517578,39.22999954223633,38.61000061035156,39.06999969482422,749200
2012-09-19,25.842920303344727,38.400001525878906,38.5,37.560001373291016,38.0099983215332,969400
2012-09-20,25.708324432373047,38.20000076293945,38.5,37.900001525878906,38.380001068115234,1047800
2012-09-21,25.58044815063477,38.0099983215332,38.58000183105469,37.93999862670898,38.33000183105469,1002200
2012-09-24,25.641027450561523,38.09999847412109,38.43000030517578,37.83000183105469,37.9900016784668,905600
2012-09-25,25.25741004943848,37.52999877929688,38.09999847412109,37.5,38.040000915527344,969400
2012-09-26,25.10936164855957,37.310001373291016,37.959999084472656,37.220001220703125,37.810001373291016,912800
2012-09-27,25.33816719055176,37.650001525878906,37.70000076293945,37.310001373291016,37.5,793900
2012-09-28,25.68812370300293,38.16999816894531,38.27999877929688,37.470001220703125,37.619998931884766,1202200
2012-10-01,25.513147354125977,37.90999984741211,38.150001525878906,37.630001068115234,38.130001068115234,1635800
2012-10-02,25.43912124633789,37.79999923706055,38.18999862670898,37.77000045776367,37.93000030517578,1415200
2012-10-03,25.176654815673828,37.40999984741211,38.08000183105469,37.20000076293945,37.93999862670898,1152500
2012-10-04,25.210294723510746,37.459999084472656,38.0,37.290000915527344,37.66999816894531,1105500
2012-10-05,25.41220474243164,37.7599983215332,37.95000076293945,37.5099983215332,37.63999938964844,1066700
2012-10-08,25.721773147583008,38.220001220703125,38.2599983215332,37.68999862670898,37.75,687700
2012-10-09,25.284332275390625,37.56999969482422,38.36000061035156,37.470001220703125,38.2400016784668,889000
2012-10-10,25.116086959838867,37.31999969482422,37.720001220703125,37.220001220703125,37.560001373291016,858900
2012-10-11,25.44585609436035,37.810001373291016,38.02999877929688,37.5099983215332,37.68999862670898,800200
2012-10-12,26.448610305786133,39.29999923706055,39.400001525878906,37.86000061035156,37.959999084472656,2524300
2012-10-15,25.405473709106445,37.75,38.33000183105469,37.61000061035156,38.119998931884766,3787700
2012-10-16,25.82946014404297,38.380001068115234,38.59000015258789,37.93000030517578,38.380001068115234,1759900
2012-10-17,26.21979141235352,38.959999084472656,39.38999938964844,38.25,38.59000015258789,1770500
2012-10-18,26.28035354614257,39.04999923706055,39.29999923706055,38.720001220703125,39.130001068115234,1409000
2012-10-19,26.28035354614257,39.04999923706055,39.470001220703125,38.34000015258789,39.11000061035156,3559100
2012-10-22,25.83618927001953,38.38999938964844,39.959999084472656,37.7599983215332,39.31999969482422,3924700
2012-10-23,24.752668380737305,36.77999877929688,38.25,36.7599983215332,38.11000061035156,2568200
2012-10-24,24.79978370666504,36.84999847412109,37.310001373291016,36.540000915527344,36.83000183105469,1578800
2012-10-25,24.61134529113769,36.56999969482422,37.43999862670898,36.540000915527344,37.220001220703125,1647100
2012-10-26,24.46328353881836,36.34999847412109,36.810001373291016,36.13999938964844,36.7400016784668,2192000
2012-10-31,24.46328353881836,35.9900016784668,37.040000915527344,35.939998626708984,37.0,2153700
2012-11-01,24.694393157958984,36.33000183105469,36.84000015258789,35.86000061035156,36.84000015258789,2617900
2012-11-02,24.1845932006836,35.58000183105469,36.720001220703125,35.470001220703125,36.630001068115234,2103800
2012-11-05,24.585628509521484,36.16999816894531,36.34000015258789,35.72999954223633,35.790000915527344,1401800
2012-11-06,25.6867904663086,37.790000915527344,38.65999984741211,36.75,37.560001373291016,7254700
2012-11-07,25.29254722595215,37.209999084472656,37.630001068115234,36.95000076293945,37.5099983215332,1703200
2012-11-08,25.319738388061523,37.25,37.58000183105469,36.93000030517578,37.02999877929688,1718500
2012-11-09,25.29934501647949,37.220001220703125,37.68999862670898,37.02999877929688,37.04999923706055,1179300
2012-11-12,25.115812301635746,36.95000076293945,37.619998931884766,36.810001373291016,37.41999816894531,966500
2012-11-13,25.13621711730957,36.97999954223633,37.5099983215332,36.95000076293945,36.9900016784668,1023400
2012-11-14,24.79635238647461,36.47999954223633,37.22999954223633,36.369998931884766,36.97999954223633,1085100
2012-11-15,24.701181411743164,36.34000015258789,36.7599983215332,36.06999969482422,36.400001525878906,1163000
2012-11-16,24.77596092224121,36.45000076293945,36.93999862670898,36.119998931884766,36.41999816894531,1061300
2012-11-19,25.41489028930664,37.38999938964844,37.650001525878906,36.77000045776367,37.13999938964844,1141600
2012-11-20,25.3265323638916,37.2599983215332,37.47999954223633,36.90999984741211,37.25,1389400
2012-11-21,25.61202049255371,37.68000030517578,37.7400016784668,37.20000076293945,37.43999862670898,1103200
2012-11-23,25.999452590942383,38.25,38.25,37.7400016784668,37.810001373291016,533500
2012-11-26,26.047048568725582,38.31999969482422,38.4900016784668,38.09999847412109,38.25,710000
2012-11-27,26.03344345092773,38.29999923706055,38.70000076293945,38.220001220703125,38.36000061035156,1003600
2012-11-28,26.196582794189453,38.540000915527344,38.560001373291016,38.0,38.0099983215332,936900
2012-11-29,26.23736572265625,38.59999847412109,38.86000061035156,38.08000183105469,38.4900016784668,983200
2012-11-30,26.142202377319336,38.459999084472656,39.0099983215332,38.27999877929688,38.70000076293945,1669000
2012-12-03,25.6256103515625,37.70000076293945,38.88999938964844,37.54999923706055,38.59999847412109,1341000
2012-12-04,25.3673152923584,37.31999969482422,37.81999969482422,36.650001525878906,37.68999862670898,1600400
2012-12-05,25.14980697631836,37.0,37.290000915527344,36.630001068115234,37.150001525878906,1857300
2012-12-06,25.29934501647949,37.220001220703125,37.33000183105469,36.9900016784668,37.0099983215332,1013200
2012-12-07,25.46247291564941,37.459999084472656,37.5,36.7599983215332,37.2599983215332,1092800
2012-12-10,25.557641983032227,37.59999847412109,37.630001068115234,37.04999923706055,37.47999954223633,1011800
2012-12-11,25.836326599121094,38.0099983215332,38.36000061035156,37.31999969482422,37.709999084472656,1217800
2012-12-12,25.67319297790528,37.77000045776367,38.2400016784668,37.68000030517578,38.06999969482422,1528200
2012-12-13,25.52907371520996,37.20000076293945,37.869998931884766,37.040000915527344,37.47999954223633,1011000
2012-12-14,25.371234893798828,36.970001220703125,37.310001373291016,36.83000183105469,37.22999954223633,1227100
2012-12-17,25.220251083374023,36.75,37.16999816894531,36.560001373291016,36.970001220703125,1662400
2012-12-18,25.19967460632324,36.720001220703125,37.11000061035156,36.650001525878906,36.91999816894531,1895400
2012-12-19,25.096729278564453,36.56999969482422,37.06999969482422,36.54999923706055,36.880001068115234,1721900
2012-12-20,25.1173152923584,36.59999847412109,36.84000015258789,36.130001068115234,36.7599983215332,1273400
2012-12-21,24.73300743103028,36.040000915527344,36.470001220703125,35.970001220703125,36.33000183105469,2022200
2012-12-24,24.63006401062012,35.88999938964844,36.880001068115234,35.630001068115234,36.29999923706055,687100
2012-12-26,24.286928176879883,35.38999938964844,35.970001220703125,35.27000045776367,35.83000183105469,1281400
2012-12-27,24.403594970703125,35.560001373291016,35.63999938964844,34.90999984741211,35.439998626708984,1182700
2012-12-28,24.232032775878903,35.310001373291016,35.599998474121094,35.060001373291016,35.5099983215332,1800300
2012-12-31,24.636926651000977,35.900001525878906,35.91999816894531,35.040000915527344,35.20000076293945,1071800
2013-01-02,24.5820369720459,35.81999969482422,36.380001068115234,35.29999923706055,36.369998931884766,2460900
2013-01-03,24.78790283203125,36.119998931884766,36.18000030517578,35.5,35.61000061035156,2271100
2013-01-04,24.5271224975586,35.7400016784668,36.43999862670898,35.650001525878906,36.27999877929688,2228900
2013-01-07,24.259483337402344,35.349998474121094,35.75,35.0,35.619998931884766,2372900
2013-01-08,24.28006935119629,35.380001068115234,35.4900016784668,35.0099983215332,35.2599983215332,2953400
2013-01-09,24.4859561920166,35.68000030517578,36.02000045776367,35.470001220703125,35.599998474121094,1728300
2013-01-10,25.43986320495605,37.06999969482422,37.34999847412109,35.68000030517578,35.97999954223633,5557800
2013-01-11,25.316329956054688,36.88999938964844,37.15999984741211,36.40999984741211,37.15999984741211,2704400
2013-01-14,25.089868545532227,36.560001373291016,36.88999938964844,35.959999084472656,36.83000183105469,1791000
2013-01-15,25.53594017028809,37.209999084472656,37.290000915527344,36.38999938964844,36.619998931884766,1993000
2013-01-16,25.782997131347656,37.56999969482422,37.880001068115234,37.0,37.209999084472656,2043200
2013-01-17,26.036914825439453,37.93999862670898,38.29999923706055,37.61000061035156,37.880001068115234,1747000
2013-01-18,26.77120780944824,39.0099983215332,39.09999847412109,37.959999084472656,38.150001525878906,3177500
2013-01-22,26.67513656616211,38.869998931884766,39.09999847412109,38.68999862670898,39.04999923706055,1640100
2013-01-23,26.16042709350586,38.119998931884766,39.0,38.0,38.900001525878906,2370800
2013-01-24,26.386905670166016,38.45000076293945,38.72999954223633,38.16999816894531,38.20000076293945,1873900
2013-01-25,25.60457229614257,37.310001373291016,37.65999984741211,36.59999847412109,37.41999816894531,7321900
2013-01-28,25.40554618835449,37.02000045776367,37.27000045776367,37.0099983215332,37.27000045776367,3041900
2013-01-29,25.542802810668945,37.220001220703125,37.27000045776367,36.79999923706055,36.97999954223633,1108100
2013-01-30,25.556529998779297,37.2400016784668,37.459999084472656,37.16999816894531,37.34999847412109,2551300
2013-01-31,25.64574432373047,37.369998931884766,37.43000030517578,37.02999877929688,37.209999084472656,1749700
2013-02-01,25.837890625,37.650001525878906,37.720001220703125,37.220001220703125,37.68999862670898,1555400
2013-02-04,25.68691635131836,37.43000030517578,37.619998931884766,37.25,37.43000030517578,1379100
2013-02-05,26.002593994140625,37.88999938964844,38.060001373291016,37.650001525878906,37.72999954223633,1055500
2013-02-06,26.194747924804688,38.16999816894531,38.27999877929688,37.720001220703125,37.79999923706055,1506600
2013-02-07,26.572208404541016,38.720001220703125,38.9900016784668,37.90999984741211,38.9900016784668,1806900
2013-02-08,27.3408203125,39.84000015258789,39.84000015258789,38.7599983215332,38.86000061035156,2649100
2013-02-11,27.23787498474121,39.68999862670898,40.130001068115234,39.400001525878906,40.040000915527344,3309100
2013-02-12,27.3751277923584,39.88999938964844,40.02000045776367,39.68000030517578,39.790000915527344,2206600
2013-02-13,27.73884391784668,40.41999816894531,40.54999923706055,39.93000030517578,40.22999954223633,2341400
2013-02-14,28.05454063415528,40.880001068115234,40.95000076293945,40.220001220703125,40.2400016784668,2162000
2013-02-15,27.814350128173828,40.52999877929688,41.0,40.43000030517578,40.9900016784668,1925000
2013-02-19,28.07512092590332,40.90999984741211,40.93000030517578,40.31999969482422,40.72999954223633,1749500
2013-02-20,28.21923828125,41.119998931884766,41.560001373291016,40.81999969482422,41.040000915527344,1427600
2013-02-21,28.21923828125,41.119998931884766,41.619998931884766,40.75,41.619998931884766,1639800
2013-02-22,28.226093292236328,41.130001068115234,41.47999954223633,40.84999847412109,41.34999847412109,1164900
2013-02-25,27.52610969543457,40.11000061035156,41.4900016784668,40.09000015258789,41.33000183105469,2403900
2013-02-26,27.48492431640625,40.04999923706055,40.41999816894531,39.9900016784668,40.13999938964844,1460500
2013-02-27,27.80748748779297,40.52000045776367,40.619998931884766,39.9900016784668,40.0099983215332,1515200
2013-02-28,27.46434593200684,40.02000045776367,40.68000030517578,40.0,40.43000030517578,1494600
2013-03-01,27.52610969543457,40.11000061035156,40.43000030517578,39.880001068115234,40.09999847412109,2154700
2013-03-04,27.505523681640625,40.08000183105469,40.34999847412109,40.0099983215332,40.0099983215332,1433400
2013-03-05,27.93101119995117,40.70000076293945,40.84000015258789,40.290000915527344,40.290000915527344,1031600
2013-03-06,28.102569580078125,40.95000076293945,41.41999816894531,40.70000076293945,40.70000076293945,1664100
2013-03-07,28.178056716918945,41.060001373291016,41.470001220703125,40.88999938964844,40.90999984741211,930300
2013-03-08,28.5966854095459,41.66999816894531,41.75,41.06999969482422,41.29999923706055,778700
2013-03-11,29.01530265808105,42.27999877929688,42.27999877929688,41.380001068115234,41.68000030517578,1459100
2013-03-12,28.926088333129883,42.150001525878906,42.220001220703125,41.68999862670898,42.04999923706055,1008400
2013-03-13,28.692758560180664,41.810001373291016,41.97999954223633,41.29999923706055,41.54999923706055,1197700
2013-03-14,28.98099136352539,42.22999954223633,42.31999969482422,41.77999877929688,42.0,910300
2013-03-15,29.08393096923828,42.380001068115234,42.66999816894531,42.040000915527344,42.040000915527344,1271900
2013-03-18,28.97412109375,42.220001220703125,42.369998931884766,41.79999923706055,42.060001373291016,637200
2013-03-19,28.706493377685547,41.83000183105469,42.45000076293945,41.56999969482422,42.40999984741211,962700
2013-03-20,28.98786163330078,42.2400016784668,42.380001068115234,42.02000045776367,42.02000045776367,730400
2013-03-21,29.43392944335937,42.88999938964844,43.08000183105469,42.02000045776367,42.18999862670898,1152500
2013-03-22,30.085878372192383,43.84000015258789,43.91999816894531,42.790000915527344,42.93000030517578,1809900
2013-03-25,29.969219207763672,43.66999816894531,44.13999938964844,43.38999938964844,43.970001220703125,1376200
2013-03-26,30.07901382446289,43.83000183105469,43.86000061035156,43.45000076293945,43.63999938964844,985400
2013-03-27,29.969219207763672,43.66999816894531,43.95000076293945,43.560001373291016,43.72999954223633,660400
2013-03-28,30.15450668334961,43.93999862670898,44.0,43.61000061035156,43.81999969482422,993000
2013-04-01,29.89372444152832,43.560001373291016,44.02999877929688,43.40999984741211,44.0,980000
2013-04-02,29.77705764770508,43.38999938964844,43.630001068115234,43.20000076293945,43.630001068115234,1006700
2013-04-03,29.530014038085938,43.02999877929688,43.61000061035156,42.91999816894531,43.43000030517578,1494200
2013-04-04,29.825090408325195,43.459999084472656,43.68999862670898,42.97999954223633,43.22999954223633,1034800
2013-04-05,29.73588752746582,43.33000183105469,43.34000015258789,42.56999969482422,42.869998931884766,1822300
2013-04-08,29.68097496032715,43.25,43.38999938964844,43.040000915527344,43.33000183105469,1124800
2013-04-09,30.133913040161133,43.90999984741211,44.0099983215332,43.08000183105469,43.25,860300
2013-04-10,30.682924270629883,44.709999084472656,44.75,43.79999923706055,44.02999877929688,1705600
2013-04-11,30.92311668395996,45.060001373291016,45.540000915527344,44.720001220703125,44.83000183105469,1456600
2013-04-12,30.8201847076416,44.90999984741211,45.09999847412109,44.33000183105469,44.83000183105469,713200
2013-04-15,30.058425903320312,43.79999923706055,45.02999877929688,43.68000030517578,44.650001525878906,840000
2013-04-16,30.42214584350586,44.33000183105469,44.380001068115234,43.790000915527344,43.91999816894531,723700
2013-04-17,30.017240524291992,43.7400016784668,44.38999938964844,43.34000015258789,44.36000061035156,1150900
2013-04-18,30.42900657653809,44.34000015258789,44.56999969482422,43.459999084472656,43.709999084472656,1346600
2013-04-19,30.89567375183105,45.02000045776367,45.119998931884766,44.04999923706055,44.36000061035156,1393800
2013-04-22,31.94565391540528,46.54999923706055,48.459999084472656,45.86000061035156,46.380001068115234,5200300
2013-04-23,32.77603530883789,47.7599983215332,47.790000915527344,46.459999084472656,47.0,1870100
2013-04-24,32.44663619995117,47.27999877929688,47.70000076293945,46.709999084472656,47.5,2169100
2013-04-25,32.77603530883789,47.7599983215332,48.400001525878906,47.2599983215332,47.41999816894531,1290400
2013-04-26,32.43976211547852,47.27000045776367,47.93999862670898,47.27000045776367,47.810001373291016,1351000
2013-04-29,32.979618072509766,47.650001525878906,47.68000030517578,46.900001525878906,47.02000045776367,1244200
2013-04-30,32.78583526611328,47.369998931884766,47.72999954223633,47.209999084472656,47.70000076293945,1156900
2013-05-01,32.56433868408203,47.04999923706055,47.7400016784668,46.66999816894531,47.5,1362400
2013-05-02,32.39823913574219,46.810001373291016,47.54999923706055,46.720001220703125,47.04999923706055,1240100
2013-05-03,32.682010650634766,47.220001220703125,47.38999938964844,46.959999084472656,47.09999847412109,1034400
2013-05-06,32.633567810058594,47.150001525878906,47.43999862670898,46.84000015258789,47.40999984741211,1218700
2013-05-07,32.848121643066406,47.459999084472656,47.52000045776367,47.0,47.040000915527344,1585700
2013-05-08,32.94501495361328,47.59999847412109,47.720001220703125,47.400001525878906,47.459999084472656,1119300
2013-05-09,32.9381103515625,47.59000015258789,47.88999938964844,47.41999816894531,47.70000076293945,1011500
2013-05-10,32.88273620605469,47.5099983215332,47.90999984741211,47.369998931884766,47.380001068115234,1183400
2013-05-13,32.848121643066406,47.459999084472656,47.7400016784668,47.220001220703125,47.47999954223633,1228000
2013-05-14,32.88273620605469,47.5099983215332,47.630001068115234,47.0099983215332,47.38999938964844,1875200
2013-05-15,32.95193862915039,47.61000061035156,47.77999877929688,47.369998931884766,47.54999923706055,1431600
2013-05-16,32.67509078979492,47.209999084472656,47.880001068115234,47.13999938964844,47.630001068115234,1060100
2013-05-17,33.15958023071289,47.90999984741211,47.93999862670898,47.33000183105469,47.33000183105469,932600
2013-05-20,33.01423645019531,47.70000076293945,47.970001220703125,47.59000015258789,47.93999862670898,735900
2013-05-21,33.54024124145508,48.459999084472656,48.720001220703125,47.790000915527344,47.900001525878906,1692200
2013-05-22,32.86196517944336,47.47999954223633,48.970001220703125,47.29999923706055,48.400001525878906,1499300
2013-05-23,32.50898361206055,46.970001220703125,47.209999084472656,46.5,47.060001373291016,1353700
2013-05-24,32.64049530029297,47.15999984741211,47.68000030517578,46.369998931884766,46.560001373291016,1320000
2013-05-28,32.33595275878906,46.720001220703125,48.0,46.630001068115234,47.630001068115234,928300
2013-05-29,30.76484489440918,44.45000076293945,46.68999862670898,44.220001220703125,46.45000076293945,4442700
2013-05-30,31.02783966064453,44.83000183105469,45.119998931884766,44.290000915527344,44.38999938964844,1239900
2013-05-31,30.78559303283692,44.47999954223633,45.02000045776367,44.43999862670898,44.459999084472656,1308700
2013-06-03,31.013999938964844,44.810001373291016,44.97999954223633,44.09999847412109,44.970001220703125,1067100
2013-06-04,30.91017723083496,44.65999984741211,44.97999954223633,44.13999938964844,44.77999877929688,1532100
2013-06-05,30.52258682250977,44.09999847412109,44.630001068115234,44.060001373291016,44.45000076293945,649300
2013-06-06,30.57796287536621,44.18000030517578,44.2599983215332,43.459999084472656,44.16999816894531,1231300
2013-06-07,31.145496368408203,45.0,45.040000915527344,44.130001068115234,44.29999923706055,972600
2013-06-10,30.86174392700196,44.59000015258789,45.119998931884766,44.5099983215332,44.9900016784668,1182500
2013-06-11,30.937864303588867,44.70000076293945,44.86000061035156,43.77000045776367,44.31999969482422,1204000
2013-06-12,30.32186889648437,43.810001373291016,44.9900016784668,43.79999923706055,44.900001525878906,961000
2013-06-13,30.674863815307617,44.31999969482422,44.43999862670898,43.72999954223633,43.88999938964844,800900
2013-06-14,30.51566505432129,44.09000015258789,44.63999938964844,44.0,44.38999938964844,794200
2013-06-17,30.66794204711914,44.310001373291016,44.90999984741211,44.119998931884766,44.2400016784668,998400
2013-06-18,30.965553283691406,44.7400016784668,44.869998931884766,44.369998931884766,44.380001068115234,679100
2013-06-19,31.06244468688965,44.880001068115234,45.33000183105469,44.58000183105469,44.58000183105469,1212600
2013-06-20,30.32186889648437,43.810001373291016,44.54999923706055,43.72999954223633,44.45000076293945,1117300
2013-06-21,30.68869400024414,44.34000015258789,44.540000915527344,43.84999847412109,44.13999938964844,1891200
2013-06-24,30.349550247192383,43.84999847412109,44.209999084472656,43.68999862670898,44.16999816894531,951000
2013-06-25,30.43953323364257,43.97999954223633,44.2599983215332,43.63999938964844,44.04999923706055,1236100
2013-06-26,30.54335021972656,44.130001068115234,44.59000015258789,43.79999923706055,44.45000076293945,1170700
2013-06-27,30.889419555664062,44.630001068115234,44.7400016784668,44.15999984741211,44.25,772500
2013-06-28,31.02783966064453,44.83000183105469,45.2400016784668,44.36000061035156,44.68999862670898,1353500
2013-07-01,31.650747299194336,45.72999954223633,45.7599983215332,44.77000045776367,44.95000076293945,1343100
2013-07-02,31.77532768249512,45.90999984741211,46.08000183105469,45.5099983215332,45.59999847412109,1274300
2013-07-03,31.85838890075684,46.02999877929688,46.20000076293945,45.630001068115234,45.79999923706055,517200
2013-07-05,32.25979995727539,46.61000061035156,46.619998931884766,45.84000015258789,46.40999984741211,538400
2013-07-08,32.32904052734375,46.709999084472656,47.209999084472656,46.650001525878906,46.70000076293945,1263500
2013-07-09,32.68892288208008,47.22999954223633,47.54999923706055,46.86000061035156,47.060001373291016,1008800
2013-07-10,32.49514389038086,46.95000076293945,47.22999954223633,46.540000915527344,47.060001373291016,1183500
2013-07-11,32.72354507446289,47.27999877929688,47.59999847412109,46.7400016784668,47.560001373291016,1065600
2013-07-12,32.97269821166992,47.63999938964844,47.75,47.27999877929688,47.27999877929688,841200
2013-07-15,32.84120178222656,47.45000076293945,47.84000015258789,47.2400016784668,47.77999877929688,912300
2013-07-16,32.64049530029297,47.15999984741211,47.54999923706055,46.90999984741211,47.40999984741211,1308800
2013-07-17,31.85838890075684,46.02999877929688,46.66999816894531,45.619998931884766,46.0,1979500
2013-07-18,32.16984558105469,46.47999954223633,46.54999923706055,46.060001373291016,46.20000076293945,1448700
2013-07-19,31.40851783752441,45.380001068115234,46.459999084472656,45.34999847412109,46.27000045776367,2424000
2013-07-22,32.43976211547852,46.869998931884766,47.970001220703125,44.900001525878906,45.119998931884766,3772900
2013-07-23,33.10419845581055,47.83000183105469,48.34999847412109,47.630001068115234,47.97999954223633,3351400
2013-07-24,32.61279296875,47.119998931884766,47.93000030517578,46.84000015258789,47.720001220703125,1622400
2013-07-25,32.59895324707031,47.09999847412109,47.369998931884766,46.90999984741211,47.0,914500
2013-07-26,32.58510971069336,47.08000183105469,47.220001220703125,46.77000045776367,46.84000015258789,612700
2013-07-29,32.633567810058594,47.150001525878906,47.25,46.7599983215332,46.91999816894531,1646100
2013-07-30,32.38925552368164,46.400001525878906,46.970001220703125,46.06999969482422,46.86000061035156,1255400
2013-07-31,32.11002349853516,46.0,46.630001068115234,45.95000076293945,46.619998931884766,805800
2013-08-01,32.780147552490234,46.959999084472656,47.060001373291016,46.0,46.08000183105469,1581300
2013-08-02,32.80108642578125,46.9900016784668,47.15999984741211,46.75,46.970001220703125,875600
2013-08-05,32.66845703125,46.79999923706055,47.0099983215332,46.709999084472656,46.79999923706055,616200
2013-08-06,32.29151916503906,46.2599983215332,46.869998931884766,45.959999084472656,46.68000030517578,1218500
2013-08-07,32.06116485595703,45.93000030517578,46.220001220703125,45.709999084472656,46.02000045776367,711400
2013-08-08,32.34039306640625,46.33000183105469,46.40999984741211,46.06999969482422,46.2400016784668,630600
2013-08-09,32.08211898803711,45.959999084472656,46.34000015258789,45.86000061035156,46.310001373291016,1036200
2013-08-12,31.656293869018555,45.34999847412109,46.209999084472656,45.130001068115234,45.58000183105469,2554900
2013-08-13,31.893644332885746,45.68999862670898,46.25,45.15999984741211,46.25,814100
2013-08-14,31.7260971069336,45.45000076293945,45.79999923706055,45.29999923706055,45.61000061035156,477100
2013-08-15,31.43991470336914,45.040000915527344,45.33000183105469,44.7599983215332,45.209999084472656,690000
2013-08-16,31.34218978881836,44.900001525878906,45.2599983215332,44.79999923706055,45.09999847412109,1314800
2013-08-19,31.33520126342773,44.88999938964844,45.27999877929688,44.72999954223633,44.93000030517578,1118300
2013-08-20,31.46782112121582,45.08000183105469,45.2599983215332,44.869998931884766,44.869998931884766,669300
2013-08-21,31.244457244873047,44.7599983215332,45.130001068115234,44.7400016784668,44.93000030517578,685800
2013-08-22,31.59347343444824,45.2599983215332,45.59999847412109,44.68999862670898,44.869998931884766,450200
2013-08-23,32.186824798583984,46.11000061035156,46.150001525878906,45.09999847412109,45.41999816894531,824900
2013-08-26,32.38226318359375,46.38999938964844,47.61000061035156,46.290000915527344,47.61000061035156,1529900
2013-08-27,31.80289649963379,45.560001373291016,46.15999984741211,45.540000915527344,46.06999969482422,794500
2013-08-28,31.85873985290528,45.63999938964844,45.720001220703125,45.33000183105469,45.560001373291016,681700
2013-08-29,31.851747512817383,45.630001068115234,45.93999862670898,45.400001525878906,45.43000030517578,948400
2013-08-30,31.816850662231445,45.58000183105469,45.720001220703125,45.150001525878906,45.68999862670898,1036700
2013-09-03,32.30548095703125,46.27999877929688,46.33000183105469,45.7400016784668,45.9900016784668,1253100
2013-09-04,32.619606018066406,46.72999954223633,46.81999969482422,46.18999862670898,46.310001373291016,1489300
2013-09-05,33.19898223876953,47.560001373291016,47.59000015258789,46.72999954223633,46.86000061035156,1634400
2013-09-06,33.4991340637207,47.9900016784668,48.540000915527344,47.34999847412109,47.5,1609300
2013-09-09,33.61780548095703,48.15999984741211,48.2400016784668,47.95000076293945,47.959999084472656,1364300
2013-09-10,32.926753997802734,47.16999816894531,48.65999984741211,46.91999816894531,48.2400016784668,2604800
2013-09-11,32.91976547241211,47.15999984741211,47.459999084472656,46.9900016784668,47.04999923706055,1179300
2013-09-12,32.45905685424805,46.5,47.15999984741211,46.45000076293945,47.040000915527344,1328000
2013-09-13,32.682430267333984,46.81999969482422,46.88999938964844,46.22999954223633,46.59000015258789,1100600
2013-09-16,33.080318450927734,47.38999938964844,47.650001525878906,47.11000061035156,47.400001525878906,826900
2013-09-17,33.338584899902344,47.7599983215332,47.93000030517578,47.38999938964844,47.38999938964844,684400
2013-09-18,33.97380447387695,48.66999816894531,48.79999923706055,47.560001373291016,47.77999877929688,2841200
2013-09-19,34.41357421875,49.29999923706055,49.45000076293945,48.68000030517578,48.72999954223633,957100
2013-09-20,34.057579040527344,48.790000915527344,49.75,48.75,49.29999923706055,1529800
2013-09-23,33.86909866333008,48.52000045776367,48.90999984741211,48.150001525878906,48.83000183105469,1397500
2013-09-24,33.792327880859375,48.40999984741211,48.93000030517578,48.33000183105469,48.54999923706055,1054400
2013-09-25,33.43630599975586,47.900001525878906,48.59000015258789,47.619998931884766,48.400001525878906,1151300
2013-09-26,33.275760650634766,47.66999816894531,48.36000061035156,47.40999984741211,48.36000061035156,932700
2013-09-27,33.073326110839844,47.380001068115234,47.61000061035156,47.119998931884766,47.29999923706055,970500
2013-09-30,32.905799865722656,47.13999938964844,47.27999877929688,46.83000183105469,47.11000061035156,1089200
2013-10-01,33.24085998535156,47.619998931884766,47.77999877929688,46.97999954223633,47.04999923706055,1067800
2013-10-02,33.04541778564453,47.34000015258789,47.40999984741211,46.75,47.34999847412109,971300
2013-10-03,32.78713607788086,46.970001220703125,47.43999862670898,46.68000030517578,47.11000061035156,1027800
2013-10-04,33.10823440551758,47.43000030517578,47.459999084472656,46.81999969482422,46.900001525878906,804500
2013-10-07,32.549800872802734,46.630001068115234,47.31999969482422,46.45000076293945,47.11000061035156,962300
2013-10-08,32.06116485595703,45.93000030517578,46.650001525878906,45.72999954223633,46.630001068115234,1552100
2013-10-09,32.10305404663086,45.9900016784668,46.220001220703125,45.84999847412109,46.09999847412109,886400
2013-10-10,32.31944274902344,46.29999923706055,46.650001525878906,46.20000076293945,46.34999847412109,803800
2013-10-11,32.61262893676758,46.720001220703125,46.83000183105469,46.119998931884766,46.119998931884766,994900
2013-10-14,32.4730110168457,46.52000045776367,46.68000030517578,46.220001220703125,46.380001068115234,1798300
2013-10-15,32.10305404663086,45.9900016784668,46.560001373291016,45.77000045776367,46.33000183105469,1617800
2013-10-16,32.17984390258789,46.09999847412109,47.540000915527344,45.43999862670898,47.27000045776367,3918500
2013-10-17,32.68940734863281,46.83000183105469,46.84999847412109,45.75,45.75,1499000
2013-10-18,32.975608825683594,47.2400016784668,47.34999847412109,46.56999969482422,47.0,1906500
2013-10-21,34.70675277709961,49.720001220703125,51.68000030517578,48.709999084472656,48.93000030517578,5335700
2013-10-22,34.895225524902344,49.9900016784668,50.15999984741211,49.650001525878906,50.11000061035156,3184000
2013-10-23,34.95108413696289,50.06999969482422,50.38999938964844,49.130001068115234,49.9900016784668,2541000
2013-10-24,35.30008316040039,50.56999969482422,51.04999923706055,50.150001525878906,50.18000030517578,995000
2013-10-25,36.33319854736328,52.04999923706055,52.52000045776367,50.72999954223633,50.72999954223633,2997200
2013-10-28,36.38903427124024,52.130001068115234,52.470001220703125,51.84000015258789,52.11000061035156,1832500
2013-10-29,37.261600494384766,53.380001068115234,53.68000030517578,52.27000045776367,52.400001525878906,2208300
2013-10-30,36.74818420410156,52.25,53.369998931884766,51.970001220703125,52.97999954223633,1626400
2013-10-31,36.32619857788086,51.650001525878906,52.7400016784668,51.650001525878906,52.13999938964844,1410500
2013-11-01,36.45981979370117,51.84000015258789,52.38999938964844,51.36000061035156,51.68000030517578,954700
2013-11-04,36.74114227294922,52.2400016784668,52.5099983215332,51.70000076293945,52.02999877929688,1604500
2013-11-05,36.63563919067383,52.09000015258789,52.2599983215332,51.5099983215332,51.790000915527344,865000
2013-11-06,36.77631378173828,52.290000915527344,52.369998931884766,51.90999984741211,52.369998931884766,1162300
2013-11-07,35.587703704833984,50.59999847412109,52.15999984741211,50.41999816894531,51.70000076293945,1840400
2013-11-08,35.503299713134766,50.47999954223633,50.97999954223633,50.16999816894531,50.59000015258789,2721200
2013-11-11,36.044864654541016,51.25,51.59999847412109,50.5099983215332,50.5099983215332,1463600
2013-11-12,36.044864654541016,51.25,51.380001068115234,50.720001220703125,51.150001525878906,899500
2013-11-13,37.24050521850586,52.95000076293945,52.95000076293945,50.9900016784668,51.119998931884766,2594500
2013-11-14,37.09280014038086,52.7400016784668,53.0,52.41999816894531,52.75,915100
2013-11-15,37.08576583862305,52.72999954223633,52.970001220703125,52.22999954223633,52.619998931884766,950400
2013-11-18,36.62862396240234,52.08000183105469,52.93000030517578,52.02000045776367,52.84999847412109,820000
2013-11-19,36.41761779785156,51.77999877929688,52.22999954223633,51.619998931884766,52.13999938964844,853500
2013-11-20,36.50201034545898,51.900001525878906,52.13999938964844,51.72999954223633,51.880001068115234,969200
2013-11-21,36.64268112182617,52.09999847412109,52.25,51.59000015258789,52.150001525878906,888500
2013-11-22,37.19126510620117,52.880001068115234,52.93000030517578,51.5,51.77999877929688,1330000
2013-11-25,37.690616607666016,53.59000015258789,53.86000061035156,52.40999984741211,53.0,1812200
2013-11-26,37.80315017700195,53.75,53.90999984741211,53.369998931884766,53.720001220703125,1316700
2013-11-27,37.87347030639648,53.84999847412109,54.06999969482422,53.290000915527344,53.68999862670898,1015800
2013-11-29,37.85238265991211,53.81999969482422,54.11000061035156,53.709999084472656,53.72999954223633,340600
2013-12-02,37.73985290527344,53.65999984741211,54.13999938964844,53.540000915527344,53.97999954223633,1163300
2013-12-03,37.25455474853516,52.970001220703125,53.84000015258789,52.45000076293945,53.400001525878906,1427000
2013-12-04,36.621578216552734,52.06999969482422,52.880001068115234,51.0099983215332,52.66999816894531,4121300
2013-12-05,36.83257293701172,52.369998931884766,52.58000183105469,51.40999984741211,52.11000061035156,2764600
2013-12-06,36.403541564941406,51.7599983215332,52.91999816894531,51.70000076293945,52.77000045776367,1898500
2013-12-09,36.8607063293457,52.40999984741211,52.43999862670898,51.52000045776367,51.7599983215332,1489400
2013-12-10,36.74818420410156,52.25,52.68999862670898,52.06999969482422,52.290000915527344,974100
2013-12-11,36.29806137084961,51.61000061035156,52.41999816894531,51.560001373291016,52.290000915527344,898700
2013-12-12,36.20662689208984,51.47999954223633,51.84999847412109,51.369998931884766,51.41999816894531,938100
2013-12-13,36.403541564941406,51.7599983215332,52.11000061035156,51.369998931884766,51.45000076293945,598300
2013-12-16,36.08707046508789,51.310001373291016,52.02000045776367,51.11000061035156,51.7599983215332,791000
2013-12-17,36.24178314208984,51.52999877929688,51.61000061035156,51.0,51.08000183105469,850800
2013-12-18,36.88884353637695,52.45000076293945,52.47999954223633,51.130001068115234,51.70000076293945,1275400
2013-12-19,36.762245178222656,52.27000045776367,52.970001220703125,52.09999847412109,52.09999847412109,1662500
2013-12-20,36.91698455810547,52.4900016784668,52.720001220703125,50.220001220703125,50.220001220703125,1510700
2013-12-23,37.38819122314453,53.15999984741211,53.220001220703125,52.59000015258789,52.900001525878906,1585900
2013-12-24,37.5921516418457,53.45000076293945,53.75,53.20000076293945,53.33000183105469,449300
2013-12-26,38.09151077270508,54.15999984741211,54.25,53.18999862670898,53.459999084472656,1066500
2013-12-27,38.26029968261719,54.400001525878906,54.54999923706055,54.0,54.0099983215332,1178000
2013-12-30,38.66119766235352,54.970001220703125,55.04999923706055,54.38999938964844,54.43000030517578,892700
2013-12-31,38.6893196105957,55.0099983215332,55.15999984741211,54.68999862670898,55.15999984741211,776800
2014-01-02,38.38690948486328,54.58000183105469,55.18000030517578,54.560001373291016,54.88999938964844,2326100
2014-01-03,38.05634307861328,54.11000061035156,54.5,51.59999847412109,51.59999847412109,848600
2014-01-06,37.78907775878906,53.72999954223633,54.369998931884766,53.650001525878906,54.220001220703125,900000
2014-01-07,37.82425308227539,53.77999877929688,54.310001373291016,53.5,54.29999923706055,1461800
2014-01-08,37.78204345703125,53.720001220703125,53.88999938964844,53.310001373291016,53.77999877929688,1045700
2014-01-09,37.261600494384766,52.97999954223633,53.88999938964844,52.65999984741211,53.83000183105469,1750200
2014-01-10,37.30379867553711,53.040000915527344,53.43000030517578,52.68000030517578,52.970001220703125,1615900
2014-01-13,36.74818420410156,52.25,53.18000030517578,52.09999847412109,52.79999923706055,1249400
2014-01-14,36.79037857055664,52.310001373291016,52.540000915527344,51.90999984741211,52.43999862670898,1231500
2014-01-15,36.762245178222656,52.27000045776367,52.400001525878906,51.970001220703125,52.2599983215332,733400
2014-01-16,36.81850814819336,52.34999847412109,52.5,51.86000061035156,51.97999954223633,927300
2014-01-17,36.57235336303711,52.0,52.63999938964844,51.79999923706055,52.2400016784668,868000
2014-01-21,36.438720703125,51.810001373291016,52.47999954223633,51.47999954223633,52.40999984741211,915800
2014-01-22,36.83257293701172,52.369998931884766,52.459999084472656,51.540000915527344,51.72999954223633,844300
2014-01-23,36.4738883972168,51.86000061035156,52.34999847412109,51.459999084472656,52.34999847412109,913300
2014-01-24,36.05892181396485,51.27000045776367,51.52000045776367,50.970001220703125,51.119998931884766,1512500
2014-01-27,35.939361572265625,51.09999847412109,51.709999084472656,50.869998931884766,51.27999877929688,1197700
2014-01-28,36.55125045776367,51.970001220703125,52.11000061035156,50.91999816894531,51.150001525878906,1905400
2014-01-29,35.74243927001953,50.81999969482422,51.63999938964844,50.5099983215332,51.40999984741211,1340300
2014-01-30,36.0378303527832,51.2400016784668,51.34999847412109,50.83000183105469,51.0,1074600
2014-01-31,34.818607330322266,49.119998931884766,49.29999923706055,47.720001220703125,48.75,4776500
2014-02-03,34.0814208984375,48.08000183105469,49.31999969482422,47.47999954223633,47.47999954223633,2313900
2014-02-04,34.5067253112793,48.68000030517578,49.16999816894531,48.0099983215332,48.29999923706055,1641800
2014-02-05,34.56343078613281,48.7599983215332,49.119998931884766,48.27999877929688,48.5,1716500
2014-02-06,35.201393127441406,49.65999984741211,49.93999862670898,48.97999954223633,49.040000915527344,2096200
2014-02-07,35.506195068359375,50.09000015258789,50.290000915527344,49.41999816894531,49.91999816894531,1775200
2014-02-10,37.11526107788086,52.36000061035156,53.68000030517578,50.09000015258789,50.93999862670898,6195600
2014-02-11,37.12236785888672,52.369998931884766,52.58000183105469,51.7400016784668,52.459999084472656,1855000
2014-02-12,36.82464599609375,51.95000076293945,52.34999847412109,51.86000061035156,52.06999969482422,2264400
2014-02-13,37.512237548828125,52.91999816894531,53.02999877929688,51.650001525878906,51.86000061035156,1148800
2014-02-14,37.44135665893555,52.81999969482422,53.02999877929688,52.459999084472656,52.93999862670898,841100
2014-02-18,37.54059219360352,52.959999084472656,52.9900016784668,52.31999969482422,52.810001373291016,1896100
2014-02-19,38.185638427734375,53.869998931884766,53.88999938964844,52.4900016784668,52.70000076293945,2261800
2014-02-20,38.46917724609375,54.27000045776367,54.459999084472656,53.810001373291016,54.040000915527344,1646700
2014-02-21,38.49044036865234,54.29999923706055,54.630001068115234,54.20000076293945,54.290000915527344,1257900
2014-02-24,38.61803436279297,54.47999954223633,55.02000045776367,54.40999984741211,54.650001525878906,2047800
2014-02-25,38.759803771972656,54.68000030517578,54.86000061035156,54.40999984741211,54.560001373291016,979900
2014-02-26,39.01499938964844,55.040000915527344,55.25,54.38999938964844,54.5,1257600
2014-02-27,39.00790786743164,55.02999877929688,55.18000030517578,54.72999954223633,54.959999084472656,1282500
2014-02-28,39.10005569458008,55.15999984741211,55.58000183105469,54.47999954223633,54.790000915527344,1367600
2014-03-03,38.73854064941406,54.650001525878906,55.08000183105469,54.459999084472656,54.84000015258789,769400
2014-03-04,38.95828628540039,54.959999084472656,55.58000183105469,54.790000915527344,55.040000915527344,1246400
2014-03-05,38.86613464355469,54.83000183105469,54.97999954223633,54.470001220703125,54.81999969482422,1067600
2014-03-06,39.04335021972656,55.08000183105469,55.31999969482422,54.810001373291016,54.97999954223633,866400
2014-03-07,38.8236083984375,54.77000045776367,55.59999847412109,54.72999954223633,55.31999969482422,967700
2014-03-10,38.87322998046875,54.84000015258789,54.900001525878906,54.4900016784668,54.79999923706055,631300
2014-03-11,38.6322135925293,54.5,54.77999877929688,54.40999984741211,54.66999816894531,1226200
2014-03-12,38.68892288208008,54.58000183105469,54.68000030517578,53.84000015258789,54.15999984741211,1283500
2014-03-13,38.73144912719727,54.63999938964844,55.18999862670898,54.27999877929688,54.810001373291016,1457000
2014-03-14,38.74562454223633,54.65999984741211,55.13999938964844,54.5,54.619998931884766,996100
2014-03-17,38.95828628540039,54.959999084472656,55.5,54.810001373291016,54.84000015258789,1175700
2014-03-18,39.02917098999024,55.060001373291016,55.4900016784668,54.79999923706055,54.93000030517578,843500
2014-03-19,38.80234146118164,54.7400016784668,55.369998931884766,54.34999847412109,55.209999084472656,873200
2014-03-20,38.93701171875,54.93000030517578,55.06999969482422,54.470001220703125,54.540000915527344,808300
2014-03-21,39.12841796875,55.20000076293945,55.5099983215332,54.66999816894531,55.36000061035156,2580600
2014-03-24,38.95119857788086,54.95000076293945,55.310001373291016,54.70000076293945,55.11000061035156,1130100
2014-03-25,38.69600677490234,54.59000015258789,55.220001220703125,54.34999847412109,55.150001525878906,1319100
2014-03-26,38.61095428466797,54.470001220703125,55.36000061035156,54.38999938964844,54.83000183105469,981500
2014-03-27,38.63931274414063,54.5099983215332,54.63999938964844,54.02000045776367,54.619998931884766,933100
2014-03-28,39.11423873901367,55.18000030517578,55.66999816894531,54.790000915527344,54.84000015258789,879100
2014-03-31,39.42612457275391,55.619998931884766,55.75,55.2400016784668,55.36000061035156,752900
2014-04-01,39.97194290161133,56.38999938964844,56.459999084472656,55.869998931884766,55.880001068115234,1214500
2014-04-02,39.90105056762695,56.290000915527344,56.720001220703125,56.11000061035156,56.36000061035156,1202200
2014-04-03,39.53245544433594,55.77000045776367,56.40999984741211,55.59999847412109,56.209999084472656,890300
2014-04-04,38.97955703735352,54.9900016784668,55.84000015258789,54.720001220703125,55.29999923706055,1292000
2014-04-07,38.64638900756836,54.52000045776367,54.97999954223633,54.310001373291016,54.95000076293945,1169200
2014-04-08,38.67473602294922,54.560001373291016,55.09000015258789,54.52000045776367,54.52000045776367,1255500
2014-04-09,39.05043029785156,55.09000015258789,55.2599983215332,54.65999984741211,54.720001220703125,846500
2014-04-10,38.49044036865234,54.29999923706055,55.16999816894531,54.22999954223633,55.02000045776367,1128100
2014-04-11,38.0155143737793,53.630001068115234,54.31999969482422,53.560001373291016,54.119998931884766,1038800
2014-04-14,38.02969741821289,53.650001525878906,55.16999816894531,53.310001373291016,53.84000015258789,1058300
2014-04-15,37.90918350219727,53.47999954223633,54.06999969482422,52.90999984741211,53.45000076293945,1307800
2014-04-16,38.17145919799805,53.84999847412109,54.02000045776367,53.59999847412109,53.66999816894531,828100
2014-04-17,38.71018600463867,54.61000061035156,55.04999923706055,53.720001220703125,53.90999984741211,1999800
2014-04-21,39.4544792175293,55.65999984741211,56.90999984741211,54.27000045776367,56.06999969482422,1563600
2014-04-22,39.19929122924805,55.29999923706055,55.97999954223633,55.27000045776367,55.70000076293945,957600
2014-04-23,39.01499938964844,55.040000915527344,55.58000183105469,54.68000030517578,55.40999984741211,1932900
2014-04-24,38.95119857788086,54.95000076293945,55.38999938964844,54.75,55.11000061035156,891800
2014-04-25,38.78815841674805,54.720001220703125,55.220001220703125,54.709999084472656,54.90999984741211,796700
2014-04-28,39.47572708129883,55.68999862670898,55.93999862670898,54.7400016784668,54.9900016784668,1696700
2014-04-29,39.41859436035156,55.18000030517578,55.5,54.95000076293945,55.31999969482422,875300
2014-04-30,39.47572708129883,55.2599983215332,55.34000015258789,54.650001525878906,55.130001068115234,1156700
2014-05-01,39.761474609375,55.65999984741211,55.93999862670898,55.13999938964844,55.13999938964844,712000
2014-05-02,39.84006881713867,55.77000045776367,56.11000061035156,55.68999862670898,55.77000045776367,573000
2014-05-05,39.66147613525391,55.52000045776367,55.65999984741211,55.119998931884766,55.5,842800
2014-05-06,39.568603515625,55.38999938964844,55.959999084472656,55.36000061035156,55.41999816894531,764700
2014-05-07,39.540035247802734,55.34999847412109,55.72999954223633,55.06999969482422,55.34000015258789,964800
2014-05-08,39.48288345336914,55.27000045776367,55.650001525878906,55.0099983215332,55.27999877929688,753300
2014-05-09,39.59004592895508,55.41999816894531,55.560001373291016,55.0099983215332,55.18000030517578,598000
2014-05-12,39.71147918701172,55.59000015258789,56.060001373291016,55.43000030517578,56.02000045776367,982400
2014-05-13,39.64719009399414,55.5,55.7599983215332,55.25,55.52999877929688,790600
2014-05-14,39.2542839050293,54.95000076293945,55.56999969482422,54.90999984741211,55.27000045776367,596200
2014-05-15,38.604225158691406,54.040000915527344,55.0,53.58000183105469,54.97999954223633,1573400
2014-05-16,38.711368560791016,54.18999862670898,54.369998931884766,53.59000015258789,53.900001525878906,645000
2014-05-19,38.4827766418457,53.869998931884766,54.34000015258789,53.77000045776367,53.86000061035156,793900
2014-05-20,38.10417175292969,53.34000015258789,53.84999847412109,53.13999938964844,53.72999954223633,587000
2014-05-21,38.3613510131836,53.70000076293945,53.81999969482422,53.18000030517578,53.43000030517578,621300
2014-05-22,38.3613510131836,53.70000076293945,53.959999084472656,53.59000015258789,53.650001525878906,665000
2014-05-23,38.468482971191406,53.84999847412109,53.880001068115234,53.5,53.59000015258789,970500
2014-05-27,38.239891052246094,53.52999877929688,53.900001525878906,53.15999984741211,53.900001525878906,1289800
2014-05-28,38.13988876342773,53.38999938964844,53.65999984741211,53.04999923706055,53.5099983215332,937800
2014-05-29,38.111305236816406,53.34999847412109,53.52000045776367,53.02000045776367,53.310001373291016,921700
2014-05-30,38.3613510131836,53.70000076293945,53.84000015258789,53.369998931884766,53.47999954223633,1046100
2014-06-02,37.27549362182617,52.18000030517578,53.68999862670898,52.09000015258789,53.560001373291016,1554200
2014-06-03,36.77544784545898,51.47999954223633,52.22999954223633,51.2400016784668,52.16999816894531,2199700
2014-06-04,37.211204528808594,52.09000015258789,52.130001068115234,51.08000183105469,51.34999847412109,1319500
2014-06-05,37.4683837890625,52.45000076293945,52.4900016784668,51.83000183105469,52.290000915527344,911500
2014-06-06,37.28264236450195,52.18999862670898,52.47999954223633,52.08000183105469,52.400001525878906,943700
2014-06-09,37.91842651367188,53.08000183105469,53.2400016784668,52.209999084472656,52.59999847412109,1424500
2014-06-10,37.92557907104492,53.09000015258789,53.150001525878906,52.650001525878906,52.88999938964844,1396300
2014-06-11,37.7969970703125,52.90999984741211,53.06999969482422,52.70000076293945,52.869998931884766,1146500
2014-06-12,37.47551345825195,52.459999084472656,52.88999938964844,52.34999847412109,52.75,1229200
2014-06-13,37.42552947998047,52.38999938964844,52.720001220703125,52.2599983215332,52.63999938964844,707700
2014-06-16,37.289794921875,52.20000076293945,52.54999923706055,52.0099983215332,52.15999984741211,843000
2014-06-17,37.4398078918457,52.40999984741211,52.459999084472656,51.95000076293945,52.220001220703125,703400
2014-06-18,37.41836929321289,52.380001068115234,52.4900016784668,52.130001068115234,52.4900016784668,1066200
2014-06-19,37.46123504638672,52.43999862670898,52.720001220703125,51.970001220703125,52.43000030517578,929700
2014-06-20,37.61125183105469,52.650001525878906,52.77999877929688,52.27000045776367,52.68000030517578,1388100
2014-06-23,38.41133880615234,53.77000045776367,53.86000061035156,52.7599983215332,52.79999923706055,1639800
2014-06-24,38.239891052246094,53.52999877929688,53.93000030517578,53.369998931884766,53.86000061035156,915800
2014-06-25,37.89699935913086,53.04999923706055,53.84000015258789,52.77999877929688,53.060001373291016,919800
2014-06-26,37.754127502441406,52.84999847412109,53.09000015258789,52.25,53.04999923706055,638300
2014-06-27,38.03986740112305,53.25,53.290000915527344,52.63999938964844,52.63999938964844,595400
2014-06-30,37.89699935913086,53.04999923706055,53.75,50.81999969482422,50.81999969482422,682500
2014-07-01,38.44705581665039,53.81999969482422,54.040000915527344,53.02000045776367,53.11000061035156,971100
2014-07-02,38.32562255859375,53.650001525878906,54.0099983215332,53.5,53.709999084472656,772500
2014-07-03,38.66137313842773,54.119998931884766,54.290000915527344,53.68000030517578,53.68000030517578,507900
2014-07-07,38.27560043334961,53.58000183105469,54.0,53.540000915527344,53.7599983215332,761500
2014-07-08,38.27560043334961,53.58000183105469,53.86000061035156,53.31999969482422,53.40999984741211,1187200
2014-07-09,38.65422439575195,54.11000061035156,54.45000076293945,53.63999938964844,53.63999938964844,1016100
2014-07-10,38.38276290893555,53.72999954223633,54.16999816894531,53.470001220703125,53.470001220703125,1156800
2014-07-11,38.85424041748047,54.38999938964844,54.68000030517578,53.70000076293945,53.79999923706055,939900
2014-07-14,38.6899528503418,54.15999984741211,54.9900016784668,54.08000183105469,54.59000015258789,1219900
2014-07-15,38.239891052246094,53.52999877929688,54.290000915527344,53.52999877929688,54.040000915527344,1306300
2014-07-16,37.53981399536133,52.54999923706055,53.68999862670898,52.47999954223633,53.540000915527344,1911400
2014-07-17,37.80411911010742,52.91999816894531,52.9900016784668,51.65999984741211,51.79999923706055,2574100
2014-07-18,38.01130676269531,53.209999084472656,53.36000061035156,52.720001220703125,52.720001220703125,1032500
2014-07-21,36.98976135253906,51.77999877929688,52.4900016784668,51.29999923706055,52.2599983215332,3064800
2014-07-22,36.896881103515625,51.650001525878906,53.18000030517578,51.04999923706055,53.18000030517578,2288900
2014-07-23,36.55400466918945,51.16999816894531,52.15999984741211,51.13999938964844,51.4900016784668,1347700
2014-07-24,37.0040397644043,51.79999923706055,51.81999969482422,51.130001068115234,51.150001525878906,981500
2014-07-25,36.76116561889648,51.459999084472656,51.84999847412109,51.38999938964844,51.709999084472656,1445900
2014-07-28,36.53255844116211,51.13999938964844,51.68000030517578,51.04999923706055,51.38999938964844,1621900
2014-07-29,36.21109390258789,50.68999862670898,51.29999923706055,50.220001220703125,51.16999816894531,1269800
2014-07-30,36.52089691162109,50.68999862670898,50.84999847412109,50.09000015258789,50.470001220703125,845500
2014-07-31,35.98775863647461,49.95000076293945,50.77999877929688,49.869998931884766,50.470001220703125,828100
2014-08-01,35.735591888427734,49.59999847412109,49.95000076293945,49.36000061035156,49.900001525878906,1006700
2014-08-04,35.81483840942383,49.709999084472656,49.900001525878906,49.52000045776367,49.68000030517578,801400
2014-08-05,36.05979537963867,50.04999923706055,50.310001373291016,49.52000045776367,49.7400016784668,1274300
2014-08-06,36.218299865722656,50.27000045776367,50.45000076293945,49.83000183105469,50.0,1018800
2014-08-07,35.7932243347168,49.68000030517578,50.68000030517578,49.59000015258789,50.68000030517578,754400
2014-08-08,36.31195831298828,50.400001525878906,50.650001525878906,49.75,49.75,999200
2014-08-11,36.4272346496582,50.560001373291016,50.84999847412109,50.47999954223633,50.47999954223633,836700
2014-08-12,36.203895568847656,50.25,50.84999847412109,50.150001525878906,50.630001068115234,468700
2014-08-13,36.25432968139648,50.31999969482422,50.68000030517578,48.0099983215332,48.0099983215332,735400
2014-08-14,36.75144958496094,51.0099983215332,51.150001525878906,50.400001525878906,50.400001525878906,823300
2014-08-15,36.59295272827149,50.790000915527344,51.43000030517578,50.4900016784668,51.209999084472656,524700
2014-08-18,37.16933059692383,51.59000015258789,51.66999816894531,51.130001068115234,51.16999816894531,800300
2014-08-19,37.39268493652344,51.900001525878906,52.0,51.560001373291016,51.560001373291016,743900
2014-08-20,37.56559753417969,52.13999938964844,52.34999847412109,51.4900016784668,51.540000915527344,815300
2014-08-21,37.897010803222656,52.59999847412109,52.70000076293945,52.20000076293945,52.290000915527344,940200
2014-08-22,37.8033561706543,52.470001220703125,52.9900016784668,51.5099983215332,51.5099983215332,693600
2014-08-25,37.97626495361328,52.709999084472656,52.9900016784668,52.52000045776367,52.95000076293945,599000
2014-08-26,37.63043212890625,52.22999954223633,52.709999084472656,51.900001525878906,52.630001068115234,1167700
2014-08-27,37.65204620361328,52.2599983215332,52.63999938964844,51.97999954223633,52.400001525878906,894500
2014-08-28,37.55117416381836,52.119998931884766,52.369998931884766,51.7599983215332,52.119998931884766,528400
2014-08-29,37.94024658203125,52.65999984741211,52.7400016784668,52.040000915527344,52.20000076293945,792400
2014-09-02,37.94744110107422,52.66999816894531,53.02000045776367,52.47999954223633,52.72999954223633,763000
2014-09-03,38.37252807617188,53.2599983215332,53.2599983215332,52.77000045776367,52.869998931884766,1009400
2014-09-04,38.79760360717773,53.84999847412109,53.91999816894531,53.11000061035156,53.34000015258789,1158200
2014-09-05,38.92008209228516,54.02000045776367,54.11000061035156,53.56999969482422,53.650001525878906,775100
2014-09-08,38.90567398071289,54.0,54.25,53.84999847412109,54.0,626800
2014-09-09,38.66792297363281,53.66999816894531,54.11000061035156,53.56999969482422,54.02999877929688,1251900
2014-09-10,38.703948974609375,53.720001220703125,53.83000183105469,53.540000915527344,53.7599983215332,609100
2014-09-11,38.8264274597168,53.88999938964844,54.04999923706055,53.61000061035156,53.61000061035156,900100
2014-09-12,38.66792297363281,53.66999816894531,54.04999923706055,53.59000015258789,53.880001068115234,827800
2014-09-15,38.574256896972656,53.540000915527344,53.77999877929688,53.47999954223633,53.7400016784668,638100
2014-09-16,38.50221252441406,53.43999862670898,53.709999084472656,53.369998931884766,53.560001373291016,750300
2014-09-17,38.739967346191406,53.77000045776367,54.02999877929688,53.25,53.400001525878906,806800
2014-09-18,38.84083557128906,53.90999984741211,53.9900016784668,53.56999969482422,53.959999084472656,406600
2014-09-19,38.99214172363281,54.119998931884766,54.61000061035156,53.880001068115234,54.15999984741211,1292400
2014-09-22,38.480594635009766,53.40999984741211,54.33000183105469,53.369998931884766,54.119998931884766,714800
2014-09-23,38.14196395874024,52.93999862670898,53.470001220703125,52.869998931884766,53.31999969482422,498900
2014-09-24,39.59013748168945,54.95000076293945,55.77999877929688,52.86000061035156,52.93000030517578,2862000
2014-09-25,39.373985290527344,54.650001525878906,55.369998931884766,54.31999969482422,54.91999816894531,988200
2014-09-26,39.86391067504883,55.33000183105469,55.61000061035156,54.59999847412109,54.59999847412109,966500
2014-09-29,39.66217803955078,55.04999923706055,55.27000045776367,54.70000076293945,54.79999923706055,810900
2014-09-30,39.62615585327149,55.0,55.38999938964844,54.7400016784668,55.04999923706055,956400
2014-10-01,39.5180892944336,54.84999847412109,55.369998931884766,54.56999969482422,55.040000915527344,1535100
2014-10-02,39.81346893310547,55.2599983215332,55.34000015258789,54.540000915527344,54.77999877929688,739800
2014-10-03,39.928749084472656,55.41999816894531,56.060001373291016,55.38999938964844,55.59000015258789,933400
2014-10-06,39.69820022583008,55.09999847412109,56.09000015258789,54.88999938964844,55.59000015258789,1204400
2014-10-07,39.4532356262207,54.7599983215332,55.18000030517578,54.650001525878906,54.90999984741211,1257000
2014-10-08,40.00079727172852,55.52000045776367,55.61000061035156,54.650001525878906,54.79999923706055,804200
2014-10-09,39.5180892944336,54.84999847412109,55.959999084472656,54.810001373291016,55.5099983215332,748400
2014-10-10,39.62615585327149,55.0,55.4900016784668,54.5099983215332,54.970001220703125,970700
2014-10-13,39.38118743896485,54.65999984741211,55.209999084472656,54.58000183105469,54.900001525878906,1118100
2014-10-14,39.503665924072266,54.83000183105469,55.5,54.70000076293945,54.90999984741211,1111300
2014-10-15,39.143436431884766,54.33000183105469,54.88999938964844,53.41999816894531,54.18000030517578,1984700
2014-10-16,39.05696868896485,54.209999084472656,54.31999969482422,52.7400016784668,54.02999877929688,1763000
2014-10-17,38.79760360717773,53.84999847412109,54.79999923706055,53.84999847412109,54.5099983215332,2197600
2014-10-20,40.71407699584961,56.5099983215332,57.15999984741211,53.869998931884766,53.88999938964844,3105700
2014-10-21,41.58584976196289,57.720001220703125,58.040000915527344,56.459999084472656,56.84000015258789,2876700
2014-10-22,41.00226593017578,56.90999984741211,58.060001373291016,56.83000183105469,57.84999847412109,1470500
2014-10-23,41.41292953491211,57.47999954223633,57.83000183105469,57.29999923706055,57.43000030517578,1179200
2014-10-24,41.50659942626953,57.61000061035156,57.880001068115234,57.33000183105469,57.63999938964844,716100
2014-10-27,41.29044723510742,57.310001373291016,57.72999954223633,57.16999816894531,57.5,1063000
2014-10-28,41.59305191040039,57.72999954223633,57.83000183105469,57.15999984741211,57.45000076293945,916700
2014-10-29,41.513790130615234,57.619998931884766,57.970001220703125,57.310001373291016,57.790000915527344,678900
2014-10-30,41.50654602050781,57.18000030517578,57.52000045776367,56.7400016784668,56.970001220703125,911600
2014-10-31,41.7606086730957,57.52999877929688,57.959999084472656,57.369998931884766,57.72999954223633,1110600
2014-11-03,41.8404541015625,57.63999938964844,57.68999862670898,57.150001525878906,57.68999862670898,804000
2014-11-04,41.637203216552734,57.36000061035156,57.93000030517578,57.18999862670898,57.560001373291016,741700
2014-11-05,41.99288940429688,57.84999847412109,57.880001068115234,57.22999954223633,57.650001525878906,635100
2014-11-06,42.18888092041016,58.119998931884766,58.40999984741211,57.63999938964844,57.9900016784668,1041400
2014-11-07,42.08725357055664,57.97999954223633,58.38999938964844,57.720001220703125,58.02999877929688,854000
2014-11-10,41.4339485168457,57.08000183105469,58.18999862670898,57.02000045776367,57.90999984741211,1474200
2014-11-11,41.136329650878906,56.66999816894531,57.38999938964844,56.5099983215332,57.2599983215332,1375900
2014-11-12,41.717044830322266,57.470001220703125,57.56999969482422,56.5099983215332,56.58000183105469,1082300
2014-11-13,39.909576416015625,54.97999954223633,56.09999847412109,54.150001525878906,56.09000015258789,3957700
2014-11-14,39.21271133422852,54.02000045776367,55.869998931884766,53.7400016784668,55.5,1886100
2014-11-17,40.91857147216797,56.369998931884766,57.22999954223633,55.91999816894531,56.25,2112200
2014-11-18,40.737098693847656,56.119998931884766,56.650001525878906,55.86000061035156,56.18999862670898,1103900
2014-11-19,40.74435043334961,56.130001068115234,56.45000076293945,55.91999816894531,56.11000061035156,859100
2014-11-20,41.02019119262695,56.5099983215332,56.66999816894531,55.95000076293945,56.0,1119600
2014-11-21,41.15085983276367,56.68999862670898,57.20000076293945,56.45000076293945,57.08000183105469,1274700
2014-11-24,41.12907409667969,56.65999984741211,57.22999954223633,56.150001525878906,57.060001373291016,1587600
2014-11-25,41.76785659790039,57.540000915527344,57.650001525878906,56.790000915527344,56.88999938964844,1229600
2014-11-26,42.20338821411133,58.13999938964844,58.310001373291016,57.13999938964844,57.65999984741211,1272100
2014-11-28,42.972843170166016,59.20000076293945,59.41999816894531,58.47999954223633,58.70000076293945,750500
2014-12-01,41.70980072021485,57.459999084472656,59.0,57.43000030517578,58.619998931884766,1415400
2014-12-02,41.70980072021485,57.459999084472656,58.02000045776367,57.290000915527344,57.43000030517578,1082400
2014-12-03,41.4339485168457,57.08000183105469,57.619998931884766,56.84000015258789,57.310001373291016,905400
2014-12-04,41.19441223144531,56.75,57.2400016784668,56.63999938964844,56.97999954223633,1716600
2014-12-05,41.5428352355957,57.22999954223633,57.58000183105469,56.650001525878906,56.91999816894531,981500
2014-12-08,41.049224853515625,56.54999923706055,57.20000076293945,56.369998931884766,57.18999862670898,785300
2014-12-09,40.91857147216797,56.369998931884766,56.52000045776367,55.84000015258789,55.97999954223633,1493500
2014-12-10,40.323341369628906,55.54999923706055,56.83000183105469,55.4900016784668,56.380001068115234,1238000
2014-12-11,40.86775207519531,56.29999923706055,56.81999969482422,55.630001068115234,55.630001068115234,670500
2014-12-12,40.69353866577149,56.060001373291016,56.79999923706055,56.040000915527344,56.310001373291016,948600
2014-12-15,40.795169830322266,56.20000076293945,57.040000915527344,55.59999847412109,56.459999084472656,1206100
2014-12-16,41.30328750610352,56.900001525878906,57.29999923706055,56.04999923706055,56.04999923706055,1855200
2014-12-17,41.64445114135742,57.369998931884766,57.86000061035156,56.810001373291016,57.220001220703125,1357900
2014-12-18,42.36309051513672,58.36000061035156,58.369998931884766,57.58000183105469,58.060001373291016,1075800
2014-12-19,39.65550231933594,54.630001068115234,58.06999969482422,54.41999816894531,58.0,5091100
2014-12-22,39.437747955322266,54.33000183105469,54.9900016784668,54.0,54.81999969482422,1583100
2014-12-23,40.08379364013672,55.220001220703125,56.060001373291016,54.560001373291016,54.68000030517578,2225700
2014-12-24,40.10557174682617,55.25,55.7400016784668,55.220001220703125,55.560001373291016,331800
2014-12-26,40.31608200073242,55.540000915527344,55.77999877929688,55.09999847412109,55.20000076293945,463700
2014-12-29,40.5774040222168,55.900001525878906,56.400001525878906,55.4900016784668,55.4900016784668,1240400
2014-12-30,39.953125,55.040000915527344,55.9900016784668,54.97999954223633,55.790000915527344,1144800
2014-12-31,39.91683197021485,54.9900016784668,55.470001220703125,54.91999816894531,55.119998931884766,885000
2015-01-02,39.90231704711914,54.970001220703125,55.81999969482422,54.56999969482422,55.45000076293945,839400
2015-01-05,40.01845932006836,55.130001068115234,55.29999923706055,54.59999847412109,54.810001373291016,1053500
2015-01-06,39.495826721191406,54.40999984741211,55.58000183105469,54.400001525878906,55.38999938964844,903500
2015-01-07,39.68455123901367,54.66999816894531,55.02999877929688,53.41999816894531,54.63999938964844,1899300
2015-01-08,39.924095153808594,55.0,55.02000045776367,53.75,54.93999862670898,1789100
2015-01-09,38.63199615478516,53.220001220703125,55.29999923706055,53.130001068115234,54.97999954223633,1517000
2015-01-12,38.189208984375,52.61000061035156,53.0099983215332,52.29999923706055,52.91999816894531,1792200
2015-01-13,37.681095123291016,51.90999984741211,53.18000030517578,51.41999816894531,52.47999954223633,1418400
2015-01-14,37.89159393310547,52.20000076293945,52.400001525878906,51.56999969482422,51.720001220703125,1467900
2015-01-15,37.71737289428711,51.959999084472656,52.459999084472656,51.77000045776367,52.27000045776367,1288800
2015-01-16,38.13840103149414,52.540000915527344,52.58000183105469,51.83000183105469,51.869998931884766,1062300
2015-01-20,37.80448532104492,52.08000183105469,52.79999923706055,51.4900016784668,52.119998931884766,1668300
2015-01-21,38.34165573120117,52.81999969482422,52.869998931884766,51.79999923706055,51.91999816894531,1103600
2015-01-22,39.08205795288086,53.84000015258789,54.02999877929688,52.7599983215332,53.209999084472656,1138800
2015-01-23,39.88054275512695,54.93999862670898,55.18000030517578,52.70000076293945,53.56999969482422,2560800
2015-01-26,39.815216064453125,54.84999847412109,55.68999862670898,53.27000045776367,53.7599983215332,2473100
2015-01-27,39.67002868652344,54.650001525878906,55.02000045776367,53.68999862670898,54.29999923706055,1517000
2015-01-28,39.96038818359375,55.04999923706055,55.40999984741211,54.720001220703125,54.790000915527344,1146600
2015-01-29,40.48302459716797,55.77000045776367,55.900001525878906,55.0,55.060001373291016,1301700
2015-01-30,40.17578887939453,54.91999816894531,55.68000030517578,54.58000183105469,55.34000015258789,1307800
2015-02-02,40.01484298706055,54.70000076293945,54.90999984741211,53.900001525878906,54.68000030517578,1364400
2015-02-03,41.07557678222656,56.150001525878906,56.27000045776367,54.970001220703125,54.9900016784668,755500
2015-02-04,41.39013671875,56.58000183105469,57.40999984741211,56.18000030517578,56.18000030517578,1315400
2015-02-05,41.06094741821289,56.130001068115234,56.77999877929688,55.88999938964844,56.54999923706055,1030100
2015-02-06,40.7756462097168,55.7400016784668,56.25,55.2599983215332,56.02000045776367,1548900
2015-02-09,43.643253326416016,59.65999984741211,60.65999984741211,57.20000076293945,58.400001525878906,4926600
2015-02-10,45.06973648071289,61.61000061035156,61.7400016784668,59.84000015258789,60.869998931884766,2821000
2015-02-11,44.76980972290039,61.20000076293945,62.43000030517578,61.11000061035156,62.0099983215332,1657200
2015-02-12,45.47208023071289,62.15999984741211,62.33000183105469,61.38999938964844,61.47999954223633,940200
2015-02-13,45.8963737487793,62.7400016784668,63.09000015258789,62.15999984741211,62.15999984741211,1436200
2015-02-17,45.698875427246094,62.470001220703125,62.9900016784668,62.060001373291016,62.58000183105469,1311700
2015-02-18,45.442832946777344,62.119998931884766,62.72999954223633,61.63999938964844,62.52000045776367,1216800
2015-02-19,45.19411087036133,61.77999877929688,62.40999984741211,61.5,62.2599983215332,1948300
2015-02-20,45.23067474365234,61.83000183105469,61.970001220703125,60.09000015258789,61.0,1668200
2015-02-23,45.36967849731445,62.02000045776367,62.02000045776367,61.54999923706055,61.97999954223633,1370500
2015-02-24,45.3916130065918,62.04999923706055,62.290000915527344,61.790000915527344,62.16999816894531,576100
2015-02-25,45.41356658935547,62.08000183105469,62.77999877929688,61.97999954223633,62.18999862670898,1040100
2015-02-26,45.720802307128906,62.5,62.59999847412109,61.83000183105469,62.0,606900
2015-02-27,45.58913040161133,62.31999969482422,62.77000045776367,62.0,62.59999847412109,730900
2015-03-02,46.19630813598633,63.150001525878906,63.470001220703125,62.38999938964844,62.45000076293945,697700
2015-03-03,45.881744384765625,62.720001220703125,63.18000030517578,62.470001220703125,62.79999923706055,711600
2015-03-04,45.66960144042969,62.43000030517578,63.310001373291016,62.11000061035156,63.2599983215332,645800
2015-03-05,45.66960144042969,62.43000030517578,62.84999847412109,62.13999938964844,62.619998931884766,782200
2015-03-06,45.0989990234375,61.650001525878906,62.2599983215332,61.40999984741211,62.25,1158600
2015-03-09,45.33308792114258,61.970001220703125,62.34000015258789,61.52999877929688,61.91999816894531,622100
2015-03-10,44.87955093383789,61.34999847412109,61.63999938964844,61.0,61.5099983215332,864500
2015-03-11,44.55766677856445,60.90999984741211,61.56999969482422,60.0099983215332,60.0099983215332,726400
2015-03-12,45.13558578491211,61.70000076293945,61.88999938964844,60.880001068115234,61.18000030517578,1182900
2015-03-13,44.42599105834961,60.72999954223633,62.5,60.220001220703125,61.81999969482422,1278400
2015-03-16,44.98927688598633,61.5,61.709999084472656,60.61000061035156,61.06999969482422,832700
2015-03-17,45.06242370605469,61.59999847412109,61.68999862670898,60.81999969482422,61.25,660300
2015-03-18,44.93806838989258,61.43000030517578,61.70000076293945,60.290000915527344,61.59000015258789,930800
2015-03-19,44.69665145874024,61.09999847412109,61.5,60.650001525878906,61.209999084472656,1309000
2015-03-20,44.68202209472656,61.08000183105469,61.4900016784668,60.810001373291016,61.31999969482422,2512600
2015-03-23,44.901485443115234,61.380001068115234,62.29999923706055,61.11000061035156,61.27999877929688,1128300
2015-03-24,44.9819564819336,61.4900016784668,62.060001373291016,61.31999969482422,61.56999969482422,898600
2015-03-25,44.3894157409668,60.68000030517578,61.650001525878906,60.68000030517578,61.59999847412109,1053800
2015-03-26,44.3016242980957,60.560001373291016,60.83000183105469,59.7400016784668,60.25,1012700
2015-03-27,44.64545440673828,61.02999877929688,61.5099983215332,60.060001373291016,60.43000030517578,783500
2015-03-30,45.772010803222656,62.56999969482422,62.650001525878906,61.130001068115234,61.5,1021500
2015-03-31,46.26215744018555,63.2400016784668,63.59000015258789,62.22999954223633,62.59999847412109,1437300
2015-04-01,46.66448974609375,63.790000915527344,63.95000076293945,62.560001373291016,63.13999938964844,1663600
2015-04-02,46.41576766967773,63.45000076293945,63.880001068115234,62.91999816894531,63.68000030517578,997300
2015-04-06,46.92784118652344,64.1500015258789,64.4800033569336,63.0,63.2599983215332,1053200
2015-04-07,46.532806396484375,63.61000061035156,64.43000030517578,63.2599983215332,64.1500015258789,1089600
2015-04-08,46.84738159179688,64.04000091552734,64.19000244140625,63.58000183105469,63.93999862670898,925800
2015-04-09,46.97172546386719,64.20999908447266,64.27999877929688,63.75,64.13999938964844,461100
2015-04-10,46.97903823852539,64.22000122070312,64.58999633789062,63.95000076293945,64.2699966430664,779600
2015-04-13,46.73031997680664,63.880001068115234,64.77999877929688,63.77999877929688,64.12000274658203,854100
2015-04-14,47.169246673583984,64.4800033569336,64.9000015258789,63.650001525878906,63.77000045776367,806300
2015-04-15,47.417964935302734,64.81999969482422,64.98999786376953,64.33999633789062,64.73999786376953,1208400
2015-04-16,48.31774520874024,66.05000305175781,66.31999969482422,64.16999816894531,64.80999755859375,1593500
2015-04-17,48.2006950378418,65.88999938964844,66.29000091552734,64.95999908447266,65.91000366210938,2173900
2015-04-20,54.25048065185547,74.16000366210938,74.36000061035156,69.66000366210938,70.0,7883600
2015-04-21,53.80425262451172,73.55000305175781,74.75,73.51000213623047,74.19000244140625,3901300
2015-04-22,52.47286224365234,71.7300033569336,73.33999633789062,71.70999908447266,72.97000122070312,3905100
2015-04-23,52.45822143554688,71.70999908447266,72.33000183105469,71.61000061035156,71.76000213623047,2025600
2015-04-24,52.38507461547852,71.61000061035156,72.45999908447266,71.41000366210938,72.44999694824219,1515800
2015-04-27,51.94616317749024,71.01000213623047,71.9800033569336,70.83999633789062,71.69000244140625,1050100
2015-04-28,52.01929473876953,71.11000061035156,71.36000061035156,70.33000183105469,71.11000061035156,1310500
2015-04-29,51.945682525634766,70.55000305175781,71.13999938964844,70.05999755859375,70.6500015258789,985100
2015-04-30,52.12237930297852,70.79000091552734,70.94999694824219,69.91000366210938,70.31999969482422,1319400
2015-05-01,52.76295471191406,71.66000366210938,72.22000122070312,71.11000061035156,71.1500015258789,1316500
2015-05-04,52.41689682006836,71.19000244140625,72.33000183105469,70.55999755859375,72.26000213623047,906900
2015-05-05,51.67323684692383,70.18000030517578,71.19000244140625,69.93000030517578,71.0199966430664,665600
2015-05-06,51.82786560058594,70.38999938964844,70.56999969482422,69.9000015258789,70.48999786376953,791400
2015-05-07,52.365360260009766,71.12000274658203,71.48999786376953,70.7300033569336,70.7699966430664,1177000
2015-05-08,52.43899917602539,71.22000122070312,71.88999938964844,71.08000183105469,71.56999969482422,552700
2015-05-11,53.0133056640625,72.0,72.26000213623047,71.23999786376953,71.55999755859375,1263600
2015-05-12,52.24756240844727,70.95999908447266,71.93000030517578,70.66000366210938,71.62000274658203,738300
2015-05-13,51.864688873291016,70.44000244140625,71.26000213623047,70.30000305175781,71.0,866100
2015-05-14,52.99122619628906,71.97000122070312,72.0,70.23999786376953,70.61000061035156,828900
2015-05-15,53.30045318603516,72.38999938964844,72.5199966430664,70.75,72.05999755859375,633300
2015-05-18,52.99122619628906,71.97000122070312,72.30999755859375,71.58999633789062,72.26000213623047,746300
2015-05-19,52.888126373291016,71.83000183105469,72.26000213623047,71.36000061035156,72.08999633789062,644900
2015-05-20,52.858680725097656,71.79000091552734,72.19999694824219,71.33999633789062,71.73999786376953,704000
2015-05-21,53.41826629638672,72.55000305175781,72.73999786376953,71.9000015258789,71.93000030517578,583100
2015-05-22,53.67597579956055,72.9000015258789,73.0199966430664,72.55000305175781,72.62000274658203,619300
2015-05-26,53.14583969116211,72.18000030517578,73.16000366210938,72.02999877929688,72.8499984741211,587300
2015-05-27,53.30783081054688,72.4000015258789,72.69999694824219,72.01000213623047,72.0999984741211,519400
2015-05-28,53.34462738037109,72.44999694824219,72.80999755859375,72.0199966430664,72.3499984741211,412500
2015-05-29,53.10902404785156,72.12999725341797,72.75,71.5999984741211,72.4800033569336,1023000
2015-06-01,53.30045318603516,72.38999938964844,73.01000213623047,71.52999877929688,71.94999694824219,627600
2015-06-02,53.13848114013672,72.16999816894531,72.6500015258789,71.54000091552734,72.05999755859375,615200
2015-06-03,53.58760070800781,72.77999877929688,73.25,72.26000213623047,72.72000122070312,1114500
2015-06-04,53.15320587158203,72.19000244140625,73.05999755859375,72.05000305175781,72.58999633789062,806400
2015-06-05,53.17527770996094,72.22000122070312,72.6500015258789,71.54000091552734,72.33999633789062,773400
2015-06-08,53.26364517211914,72.33999633789062,73.01000213623047,72.13999938964844,72.30999755859375,640500
2015-06-09,53.05011367797852,72.05000305175781,72.79000091552734,72.01000213623047,72.2300033569336,530900
2015-06-10,53.52134704589844,72.69000244140625,72.9800033569336,71.88999938964844,72.44000244140625,565000
2015-06-11,53.948387145996094,73.2699966430664,73.4800033569336,72.77999877929688,72.80000305175781,894300
2015-06-12,53.61707305908203,72.81999969482422,73.23999786376953,72.33999633789062,72.91999816894531,752900
2015-06-15,53.66859817504883,72.88999938964844,73.08999633789062,72.23999786376953,72.80999755859375,675900
2015-06-16,53.779056549072266,73.04000091552734,73.5,72.91000366210938,73.12000274658203,734300
2015-06-17,54.92032241821289,74.58999633789062,74.83000183105469,73.04000091552734,73.12000274658203,807500
2015-06-18,55.58298110961914,75.48999786376953,75.80999755859375,74.62000274658203,74.83999633789062,786000
2015-06-19,56.09101486206055,76.18000030517578,76.48999786376953,75.33000183105469,75.6500015258789,1389900
2015-06-22,56.42235565185547,76.62999725341797,77.25,76.16999816894531,76.63999938964844,658900
2015-06-23,57.26172256469727,77.7699966430664,77.98999786376953,76.93000030517578,76.94999694824219,1192700
2015-06-24,57.68140411376953,78.33999633789062,78.63999938964844,77.76000213623047,77.98999786376953,1401100
2015-06-25,57.740325927734375,78.41999816894531,78.91000366210938,78.05000305175781,78.58000183105469,1022900
2015-06-26,57.20282745361328,77.69000244140625,78.55000305175781,77.22000122070312,78.23999786376953,1367400
2015-06-29,55.66397857666016,75.5999984741211,77.72000122070312,75.52999877929688,77.38999938964844,947400
2015-06-30,55.06757736206055,74.79000091552734,76.13999938964844,74.69000244140625,75.9000015258789,1998700
2015-07-01,55.79648971557617,75.77999877929688,76.26000213623047,74.0199966430664,74.02999877929688,1858100
2015-07-02,55.89958572387695,75.91999816894531,75.97000122070312,74.83999633789062,75.56999969482422,1399800
2015-07-06,55.8480339050293,75.8499984741211,76.37999725341797,74.66000366210938,74.69000244140625,1402900
2015-07-07,56.076297760009766,76.16000366210938,76.2300033569336,75.12000274658203,75.5199966430664,1356000
2015-07-08,56.73162841796875,77.05000305175781,77.5,76.13999938964844,76.16999816894531,2135900
2015-07-09,55.91429901123047,75.94000244140625,77.68000030517578,75.8499984741211,77.44000244140625,1589500
2015-07-10,56.85677337646485,77.22000122070312,77.66999816894531,76.13999938964844,76.86000061035156,1629800
2015-07-13,57.593074798583984,78.22000122070312,78.30999755859375,76.80000305175781,77.2699966430664,1088400
2015-07-14,57.93913650512695,78.69000244140625,78.94000244140625,77.8499984741211,78.23999786376953,2423700
2015-07-15,57.482608795166016,78.06999969482422,78.66000366210938,77.88999938964844,78.58000183105469,1061400
2015-07-16,57.740325927734375,78.41999816894531,78.98999786376953,78.01000213623047,78.36000061035156,1064200
2015-07-17,57.61516189575195,78.25,79.0,77.30000305175781,78.41999816894531,2458900
2015-07-20,61.22299957275391,83.1500015258789,84.41999816894531,81.69000244140625,81.69000244140625,3993900
2015-07-21,59.2129020690918,80.41999816894531,81.88999938964844,79.95999908447266,81.88999938964844,3089600
2015-07-22,58.793216705322266,79.8499984741211,80.66999816894531,79.44999694824219,80.51000213623047,1437500
2015-07-23,58.37353897094727,79.27999877929688,80.2699966430664,79.05000305175781,79.91999816894531,1026000
2015-07-24,58.63860321044922,79.63999938964844,79.80000305175781,79.05999755859375,79.33000183105469,1178700
2015-07-27,58.54289627075195,79.51000213623047,80.12999725341797,79.11000061035156,79.62999725341797,1084700
2015-07-28,58.58708190917969,79.56999969482422,79.9000015258789,79.05000305175781,79.9000015258789,1134600
2015-07-29,59.4632682800293,80.76000213623047,80.91999816894531,79.30000305175781,79.7699966430664,1273400
2015-07-30,59.23369216918945,79.98999786376953,80.33999633789062,79.5199966430664,80.12999725341797,1034400
2015-07-31,58.30805587768555,78.73999786376953,80.1500015258789,78.5999984741211,80.0199966430664,1874200
2015-08-03,57.56754302978516,77.73999786376953,79.0199966430664,77.22000122070312,78.73999786376953,986700
2015-08-04,58.37471771240234,78.83000183105469,79.69000244140625,77.48999786376953,77.73999786376953,907900
2015-08-05,58.67830657958984,79.23999786376953,79.6500015258789,78.77999877929688,79.08999633789062,729400
2015-08-06,56.96773910522461,76.93000030517578,79.58999633789062,76.9000015258789,79.45999908447266,1588900
2015-08-07,57.32315826416016,77.41000366210938,77.94000244140625,76.5,76.8499984741211,1080100
2015-08-10,58.87825393676758,79.51000213623047,79.55000305175781,78.05999755859375,78.16000366210938,1120300
2015-08-11,58.59687042236328,79.12999725341797,79.27999877929688,78.43000030517578,78.70999908447266,1142400
2015-08-12,58.86342239379883,79.48999786376953,79.58000183105469,78.2300033569336,78.73999786376953,1127700
2015-08-13,59.64836883544922,80.55000305175781,80.87999725341797,79.43000030517578,79.6500015258789,765800
2015-08-14,59.766868591308594,80.70999908447266,81.0,80.13999938964844,80.81999969482422,519800
2015-08-17,59.70022201538086,80.62000274658203,80.9000015258789,79.73999786376953,80.19999694824219,569600
2015-08-18,59.52251434326172,80.37999725341797,80.66000366210938,79.83999633789062,80.41999816894531,654000
2015-08-19,58.930084228515625,79.58000183105469,80.01000213623047,79.01000213623047,79.88999938964844,738900
2015-08-20,57.65641021728516,77.86000061035156,79.93000030517578,77.83999633789062,78.66999816894531,806200
2015-08-21,55.671817779541016,75.18000030517578,77.48999786376953,75.18000030517578,77.44999694824219,1476500
2015-08-24,52.70977783203125,71.18000030517578,73.52999877929688,60.380001068115234,69.80999755859375,2393100
2015-08-25,52.96895217895508,71.52999877929688,73.4000015258789,71.48999786376953,72.66999816894531,2737200
2015-08-26,53.902000427246094,72.79000091552734,73.27999877929688,71.0999984741211,73.27999877929688,1860800
2015-08-27,55.642208099365234,75.13999938964844,75.4000015258789,72.68000030517578,73.48999786376953,1181300
2015-08-28,55.91619491577149,75.51000213623047,76.16000366210938,74.6500015258789,74.88999938964844,1088500
2015-08-31,55.23492813110352,74.58999633789062,75.7699966430664,74.51000213623047,75.08000183105469,1242900
2015-09-01,53.70205307006836,72.5199966430664,73.95999908447266,72.06999969482422,73.95999908447266,1127600
2015-09-02,55.1756706237793,74.51000213623047,75.13999938964844,73.87999725341797,74.55000305175781,2911400
2015-09-03,56.9158935546875,76.86000061035156,77.44999694824219,75.55000305175781,76.0,1811900
2015-09-04,55.81250381469727,75.37000274658203,76.43000030517578,75.19999694824219,75.91999816894531,1575900
2015-09-08,56.49379348754883,76.29000091552734,76.66999816894531,75.41999816894531,76.63999938964844,1314400
2015-09-09,55.74586868286133,75.27999877929688,77.12999725341797,75.12999725341797,76.91000366210938,991300
2015-09-10,56.3012580871582,76.02999877929688,76.66999816894531,75.01000213623047,75.19999694824219,742400
2015-09-11,56.834434509277344,76.75,76.80999755859375,75.23999786376953,75.66000366210938,759200
2015-09-14,57.44904327392578,77.58000183105469,78.26000213623047,76.48999786376953,76.75,966200
2015-09-15,58.55982971191406,79.08000183105469,79.41000366210938,77.47000122070312,77.47000122070312,1181200
2015-09-16,59.42621994018555,80.25,80.37999725341797,78.41000366210938,79.01000213623047,1134000
2015-09-17,57.39721298217773,77.51000213623047,79.86000061035156,77.30000305175781,79.08999633789062,1631200
2015-09-18,57.06398010253906,77.05999755859375,77.68000030517578,76.66000366210938,76.73999786376953,1390800
2015-09-21,57.1602783203125,77.19000244140625,78.27999877929688,76.69999694824219,77.48999786376953,769900
2015-09-22,55.9458122253418,75.55000305175781,76.55999755859375,75.04000091552734,75.95999908447266,1028600
2015-09-23,55.81992721557617,75.37999725341797,75.9800033569336,75.02999877929688,75.83999633789062,879900
2015-09-24,55.27934646606445,74.6500015258789,75.5199966430664,73.29000091552734,75.02999877929688,934700
2015-09-25,55.501495361328125,74.94999694824219,75.45999908447266,74.37000274658203,75.06999969482422,593400
2015-09-28,53.41326141357422,72.12999725341797,74.94999694824219,72.0999984741211,74.69999694824219,844500
2015-09-29,53.82794570922852,72.69000244140625,72.97000122070312,71.5999984741211,72.30999755859375,971900
2015-09-30,53.42065048217773,72.13999938964844,72.58999633789062,70.5,72.23999786376953,2280300
2015-10-01,53.08002853393555,71.68000030517578,72.80000305175781,70.73999786376953,72.48999786376953,1632100
2015-10-02,52.843048095703125,71.36000061035156,71.52999877929688,70.11000061035156,70.4800033569336,1201500
2015-10-05,54.53144073486328,73.63999938964844,73.87000274658203,71.91000366210938,71.94000244140625,1200600
2015-10-06,53.95383071899414,72.86000061035156,73.91000366210938,72.22000122070312,73.52999877929688,761000
2015-10-07,54.36851501464844,73.41999816894531,74.11000061035156,72.05000305175781,72.16999816894531,973600
2015-10-08,54.6499252319336,73.80000305175781,74.7699966430664,72.81999969482422,72.93000030517578,1316500
2015-10-09,55.05718612670898,74.3499984741211,74.66999816894531,73.55000305175781,73.98999786376953,932600
2015-10-12,55.12384796142578,74.44000244140625,74.66000366210938,73.77999877929688,74.1500015258789,972700
2015-10-13,54.89427947998047,74.12999725341797,75.48999786376953,74.11000061035156,74.2699966430664,1144700
2015-10-14,54.553653717041016,73.66999816894531,74.75,73.4800033569336,74.11000061035156,998400
2015-10-15,55.78290939331055,75.33000183105469,75.36000061035156,73.83000183105469,74.0,1181200
2015-10-16,57.597164154052734,77.77999877929688,77.91000366210938,74.62999725341797,75.58000183105469,2667700
2015-10-19,53.45027923583984,72.18000030517578,77.5,70.81999969482422,76.7699966430664,5352700
2015-10-20,54.01307678222656,72.94000244140625,74.20999908447266,71.3499984741211,71.93000030517578,2228400
2015-10-21,54.790626525878906,73.98999786376953,74.4800033569336,73.31999969482422,73.44999694824219,1513800
2015-10-22,56.8418197631836,76.76000213623047,76.77999877929688,74.29000091552734,74.36000061035156,2125100
2015-10-23,58.40433883666992,78.87000274658203,79.23999786376953,77.0199966430664,77.25,2546200
2015-10-26,57.98961639404297,78.30999755859375,79.43000030517578,78.13999938964844,78.25,1902000
2015-10-27,57.922996520996094,78.22000122070312,78.48999786376953,77.45999908447266,77.76000213623047,1211500
2015-10-28,57.89337921142578,78.18000030517578,78.5,77.48999786376953,78.23999786376953,825800
2015-10-29,57.915714263916016,77.75,77.83000183105469,76.93000030517578,77.44000244140625,690600
2015-10-30,57.23042297363281,76.83000183105469,77.72000122070312,76.81999969482422,77.5199966430664,1065800
2015-11-02,57.53582382202149,77.23999786376953,77.33000183105469,76.6500015258789,77.27999877929688,1151600
2015-11-03,57.52836990356445,77.2300033569336,77.51000213623047,76.97000122070312,77.08999633789062,1185100
2015-11-04,57.36448287963867,77.01000213623047,77.75,76.77999877929688,77.45999908447266,743300
2015-11-05,57.4017448425293,77.05999755859375,77.87000274658203,76.41999816894531,77.38999938964844,585200
2015-11-06,58.28070831298828,78.23999786376953,78.68000030517578,76.70999908447266,76.80999755859375,704300
2015-11-09,58.39244842529297,78.38999938964844,78.73999786376953,77.30999755859375,78.0,1172400
2015-11-10,59.45020294189453,79.80999755859375,79.88999938964844,78.37000274658203,78.66000366210938,913300
2015-11-11,58.52653884887695,78.56999969482422,79.93000030517578,78.20999908447266,79.87000274658203,1075600
2015-11-12,57.99020385742188,77.8499984741211,79.63999938964844,77.55999755859375,78.79000091552734,1210100
2015-11-13,56.61959457397461,76.01000213623047,77.69000244140625,75.72000122070312,77.5199966430664,1032900
2015-11-16,56.44083023071289,75.7699966430664,76.58000183105469,74.2300033569336,75.9000015258789,1386900
2015-11-17,55.68846893310547,74.76000213623047,75.81999969482422,74.12000274658203,75.31999969482422,1836200
2015-11-18,56.29184341430664,75.56999969482422,75.68000030517578,74.31999969482422,75.11000061035156,1288100
2015-11-19,56.31420135498047,75.5999984741211,77.0,75.22000122070312,75.68000030517578,1361700
2015-11-20,56.23223876953125,75.48999786376953,76.33999633789062,75.44000244140625,75.9800033569336,1334300
2015-11-23,56.008766174316406,75.19000244140625,76.83999633789062,74.05999755859375,75.5999984741211,1423300
2015-11-24,56.37379455566406,75.68000030517578,75.69999694824219,74.1500015258789,74.63999938964844,869900
2015-11-25,56.95479202270508,76.45999908447266,76.69000244140625,74.80000305175781,76.0,575900
2015-11-27,56.142852783203125,75.37000274658203,76.77999877929688,75.20999908447266,76.31999969482422,453900
2015-11-30,54.44451141357422,73.08999633789062,75.55999755859375,72.87000274658203,75.55999755859375,1858600
2015-12-01,54.47430038452149,73.12999725341797,73.93000030517578,72.06999969482422,73.73999786376953,1793200
2015-12-02,54.012454986572266,72.51000213623047,73.36000061035156,72.23999786376953,73.1500015258789,1142200
2015-12-03,52.44816207885742,70.41000366210938,73.1500015258789,69.69000244140625,72.98999786376953,3109600
2015-12-04,51.18184280395508,68.70999908447266,70.5,67.72000122070312,70.19999694824219,3049500
2015-12-07,51.28613662719727,68.8499984741211,69.44000244140625,68.58000183105469,68.8499984741211,1220800
2015-12-08,52.0086784362793,69.81999969482422,71.3499984741211,69.0,69.44000244140625,1627200
2015-12-09,50.95838928222656,68.41000366210938,70.3499984741211,67.87999725341797,69.25,1619500
2015-12-10,50.81683349609375,68.22000122070312,68.83999633789062,68.08999633789062,68.69999694824219,1626100
2015-12-11,50.9285888671875,68.37000274658203,69.18000030517578,67.5,67.66000366210938,2135700
2015-12-14,51.53939437866211,69.19000244140625,69.58000183105469,68.56999969482422,68.93000030517578,1593000
2015-12-15,51.53939437866211,69.19000244140625,70.7699966430664,68.91999816894531,69.83000183105469,1414300
2015-12-16,51.55430221557617,69.20999908447266,71.04000091552734,68.05000305175781,69.58999633789062,1526300
2015-12-17,49.45368576049805,66.38999938964844,69.20999908447266,66.33000183105469,69.1500015258789,1962800
2015-12-18,49.03655624389648,65.83000183105469,66.87999725341797,65.30999755859375,66.30000305175781,2456900
2015-12-21,48.64918899536133,65.30999755859375,66.81999969482422,64.91000366210938,66.45999908447266,1617300
2015-12-22,49.73674392700195,66.7699966430664,66.80999755859375,65.41000366210938,65.63999938964844,926300
2015-12-23,50.10176086425781,67.26000213623047,67.73999786376953,65.86000061035156,67.38999938964844,1801000
2015-12-24,50.36992263793945,67.62000274658203,68.08999633789062,67.0,67.11000061035156,417200
2015-12-28,50.39227294921875,67.6500015258789,67.87999725341797,66.80000305175781,67.4000015258789,641600
2015-12-29,50.973270416259766,68.43000030517578,68.7699966430664,67.4800033569336,68.0199966430664,921700
2015-12-30,50.28053283691406,67.5,68.61000061035156,67.47000122070312,68.30000305175781,572100
2015-12-31,50.17624282836914,67.36000061035156,67.86000061035156,67.22000122070312,67.37000274658203,892700
2016-01-04,49.87827682495117,66.95999908447266,66.9800033569336,65.5199966430664,66.33999633789062,1214900
2016-01-05,50.78705978393555,68.18000030517578,68.5,67.01000213623047,67.30000305175781,1661000
2016-01-06,52.06081008911133,69.88999938964844,71.0999984741211,66.61000061035156,66.7699966430664,3295000
2016-01-07,51.48726272583008,69.12000274658203,70.30000305175781,68.02999877929688,68.5,1808100
2016-01-08,50.68277359008789,68.04000091552734,69.56999969482422,67.91000366210938,69.25,1231000
2016-01-11,52.15023422241211,70.01000213623047,70.12999725341797,68.27999877929688,68.68000030517578,1275300
2016-01-12,52.761024475097656,70.83000183105469,70.9800033569336,69.81999969482422,70.29000091552734,1054500
2016-01-13,51.010520935058594,68.4800033569336,71.0,68.47000122070312,70.52999877929688,1309400
2016-01-14,52.2917366027832,70.19999694824219,70.72000122070312,68.30000305175781,68.94999694824219,1346300
2016-01-15,53.6846923828125,72.06999969482422,72.26000213623047,68.5199966430664,68.70999908447266,2433200
2016-01-19,52.47796249389648,70.44999694824219,72.7699966430664,69.25,72.63999938964844,1699600
2016-01-20,51.94164657592773,69.7300033569336,70.16000366210938,67.19999694824219,69.30999755859375,1514600
2016-01-21,53.59530258178711,71.94999694824219,72.30999755859375,69.16999816894531,69.88999938964844,1345200
2016-01-22,54.31040191650391,72.91000366210938,73.62000274658203,72.01000213623047,73.22000122070312,1036700
2016-01-25,52.82061767578125,70.91000366210938,73.2300033569336,70.73999786376953,72.72000122070312,1597900
2016-01-26,53.87838745117188,72.33000183105469,72.37999725341797,70.93000030517578,71.52999877929688,1030900
2016-01-27,53.00685501098633,71.16000366210938,72.94000244140625,70.69000244140625,72.5999984741211,840100
2016-01-28,53.89327239990234,72.3499984741211,72.6500015258789,70.62999725341797,72.06999969482422,954200
2016-01-29,55.68495941162109,74.27999877929688,74.31999969482422,71.69999694824219,72.33999633789062,1324500
2016-02-01,55.30263519287109,73.7699966430664,74.19000244140625,72.54000091552734,73.9800033569336,2351000
2016-02-02,55.72994995117188,74.33999633789062,75.95999908447266,73.44999694824219,74.08999633789062,2857800
2016-02-03,56.224708557128906,75.0,76.19999694824219,74.29000091552734,74.75,2384100
2016-02-04,56.89941787719727,75.9000015258789,78.44999694824219,73.86000061035156,74.58000183105469,4598300
2016-02-05,55.55003356933594,74.0999984741211,76.88999938964844,73.94000244140625,75.9000015258789,2478800
2016-02-08,56.30718231201172,75.11000061035156,75.87000274658203,72.31999969482422,74.36000061035156,3899700
2016-02-09,53.930755615234375,71.94000244140625,75.27999877929688,70.94000244140625,74.0199966430664,2495900
2016-02-10,54.10316467285156,72.16999816894531,72.66999816894531,71.58000183105469,72.26000213623047,1829800
2016-02-11,52.14655685424805,69.55999755859375,70.88999938964844,68.91999816894531,69.80999755859375,1678700
2016-02-12,52.536380767822266,70.08000183105469,70.44000244140625,68.5999984741211,70.0,2573200
2016-02-16,53.25606918334961,71.04000091552734,71.43000030517578,70.48999786376953,70.80000305175781,1410100
2016-02-17,54.01322555541992,72.05000305175781,72.69999694824219,71.22000122070312,71.97000122070312,1527500
2016-02-18,54.17814636230469,72.2699966430664,73.08999633789062,71.83999633789062,72.16999816894531,1513600
2016-02-19,54.03570938110352,72.08000183105469,72.29000091552734,71.19999694824219,72.19000244140625,1130000
2016-02-22,55.8798713684082,74.54000091552734,74.58000183105469,72.5,73.30999755859375,1006700
2016-02-23,55.85739135742188,74.51000213623047,74.8499984741211,73.9800033569336,74.0999984741211,1034600
2016-02-24,56.78696060180664,75.75,75.81999969482422,73.5,73.77999877929688,1019700
2016-02-25,57.07183837890625,76.12999725341797,76.20999908447266,74.66000366210938,75.68000030517578,867300
2016-02-26,57.31172561645508,76.44999694824219,77.05000305175781,76.0,76.5,672200
2016-02-29,56.876930236816406,75.87000274658203,76.56999969482422,75.13999938964844,76.44000244140625,795300
2016-03-01,58.05388259887695,77.44000244140625,77.48999786376953,75.51000213623047,76.06999969482422,770100
2016-03-02,59.17839050292969,78.94000244140625,79.01000213623047,76.5,77.27999877929688,1105100
2016-03-03,59.140899658203125,78.88999938964844,79.4000015258789,78.41000366210938,79.19000244140625,967800
2016-03-04,58.40624237060547,77.91000366210938,79.16000366210938,77.5199966430664,78.72000122070312,918300
2016-03-07,58.92351913452149,78.5999984741211,79.05999755859375,77.55000305175781,77.55000305175781,688700
2016-03-08,58.90852737426758,78.58000183105469,79.30999755859375,77.80000305175781,77.88999938964844,774400
2016-03-09,58.47369003295898,78.0,79.08999633789062,77.91999816894531,78.88999938964844,772400
2016-03-10,58.4287338256836,77.94000244140625,78.75,77.5,78.4800033569336,1045900
2016-03-11,58.458717346191406,77.9800033569336,78.76000213623047,77.69999694824219,78.41999816894531,1184600
2016-03-14,58.7735595703125,78.4000015258789,78.6500015258789,77.61000061035156,77.7699966430664,886200
2016-03-15,58.83353042602539,78.4800033569336,78.5,77.80999755859375,77.80999755859375,1561500
2016-03-16,58.76607894897461,78.38999938964844,78.87000274658203,77.95999908447266,78.44999694824219,717600
2016-03-17,58.93100738525391,78.61000061035156,79.20999908447266,77.83000183105469,78.33000183105469,1015600
2016-03-18,58.841041564941406,78.48999786376953,78.94999694824219,78.30999755859375,78.72000122070312,2241700
2016-03-21,58.36126708984375,77.8499984741211,78.7699966430664,77.41000366210938,78.20999908447266,901100
2016-03-22,58.5337028503418,78.08000183105469,78.33999633789062,77.51000213623047,77.80999755859375,733200
2016-03-23,58.52620697021485,78.06999969482422,78.33000183105469,77.41999816894531,77.9800033569336,720100
2016-03-24,57.94892883300781,77.30000305175781,77.9800033569336,77.11000061035156,77.62999725341797,1002100
2016-03-28,58.56367111206055,78.12000274658203,78.58000183105469,77.41999816894531,77.56999969482422,1240900
2016-03-29,58.64613723754883,78.2300033569336,78.30999755859375,77.63999938964844,77.83000183105469,888400
2016-03-30,58.88602066040039,78.55000305175781,78.9800033569336,78.30999755859375,78.69000244140625,750900
2016-03-31,60.047996520996094,80.0999984741211,80.33000183105469,78.55000305175781,78.55000305175781,1970200
2016-04-01,59.36580276489258,79.19000244140625,79.95999908447266,78.69999694824219,79.56999969482422,1110500
2016-04-04,59.74813079833984,79.69999694824219,80.44000244140625,79.29000091552734,79.37000274658203,988200
2016-04-05,58.32378005981445,77.80000305175781,79.98999786376953,77.77999877929688,79.73999786376953,1352100
2016-04-06,59.778114318847656,79.73999786376953,79.79000091552734,77.72000122070312,77.76000213623047,1040600
2016-04-07,58.818546295166016,78.45999908447266,79.5199966430664,77.62999725341797,78.98999786376953,1166800
2016-04-08,59.04344940185547,78.76000213623047,79.19999694824219,77.5,78.83999633789062,982400
2016-04-11,59.56071472167969,79.44999694824219,80.30000305175781,79.0199966430664,79.30999755859375,1050100
2016-04-12,60.67771530151367,80.94000244140625,80.97000122070312,79.36000061035156,79.80999755859375,1122400
2016-04-13,61.097564697265625,81.5,81.8499984741211,80.9800033569336,81.05000305175781,755000
2016-04-14,60.97008514404297,81.33000183105469,81.95999908447266,81.16999816894531,81.8499984741211,651200
2016-04-15,61.77971267700195,82.41000366210938,82.61000061035156,80.94999694824219,81.31999969482422,1513100
2016-04-18,65.35562896728516,87.18000030517578,88.0,84.56999969482422,87.33999633789062,3719300
2016-04-19,65.23565673828125,87.0199966430664,88.52999877929688,86.66000366210938,87.70999908447266,1772200
2016-04-20,64.8458480834961,86.5,86.77999877929688,85.18000030517578,85.22000122070312,1810900
2016-04-21,65.07075500488281,86.80000305175781,87.1500015258789,85.66999816894531,86.0,1196700
2016-04-22,65.54306030273438,87.43000030517578,87.66999816894531,86.75,86.91000366210938,1608000
2016-04-25,65.40061950683594,87.23999786376953,87.5999984741211,86.63999938964844,87.0,1123400
2016-04-26,65.69296264648438,87.62999725341797,87.7300033569336,86.69000244140625,87.27999877929688,954000
2016-04-27,65.34062957763672,87.16000366210938,87.9800033569336,87.12000274658203,87.19000244140625,729500
2016-04-28,64.33767700195312,85.31999969482422,86.95999908447266,85.06999969482422,86.2300033569336,860600
2016-04-29,63.8249397277832,84.63999938964844,85.30000305175781,84.22000122070312,85.26000213623047,709400
2016-05-02,64.54129028320312,85.58999633789062,86.33999633789062,84.72000122070312,85.43000030517578,736700
2016-05-03,64.01346588134766,84.88999938964844,85.56999969482422,84.81999969482422,85.08999633789062,491700
2016-05-04,63.55345916748047,84.27999877929688,85.23999786376953,84.05000305175781,84.58000183105469,746100
2016-05-05,63.00298309326172,83.55000305175781,84.41000366210938,83.36000061035156,84.29000091552734,1195000
2016-05-06,64.16427612304688,85.08999633789062,85.16999816894531,83.3499984741211,83.41999816894531,858100
2016-05-09,64.93342590332031,86.11000061035156,86.44000244140625,84.69000244140625,84.69000244140625,924600
2016-05-10,65.09932708740234,86.33000183105469,86.44999694824219,84.75,85.30000305175781,902200
2016-05-11,63.71937561035156,84.5,86.26000213623047,84.3499984741211,85.80999755859375,927300
2016-05-12,64.32263946533203,85.30000305175781,85.41000366210938,84.3499984741211,84.48999786376953,694300
2016-05-13,64.17935180664062,85.11000061035156,85.70999908447266,84.95999908447266,85.23999786376953,861800
2016-05-16,64.4432601928711,85.45999908447266,85.95999908447266,84.54000091552734,84.9000015258789,612000
2016-05-17,63.81740188598633,84.62999725341797,85.73999786376953,84.22000122070312,85.22000122070312,748200
2016-05-18,64.02098846435547,84.9000015258789,85.48999786376953,83.86000061035156,84.58000183105469,852400
2016-05-19,63.99836730957031,84.87000274658203,85.12999725341797,83.80000305175781,84.5199966430664,493600
2016-05-20,63.63641357421875,84.38999938964844,85.52999877929688,84.13999938964844,85.1500015258789,872500
2016-05-23,64.07378387451172,84.97000122070312,85.19999694824219,84.12999725341797,84.6500015258789,457500
2016-05-24,65.39340209960938,86.72000122070312,87.16999816894531,85.01000213623047,85.1500015258789,849500
2016-05-25,65.423583984375,86.76000213623047,87.12000274658203,86.2300033569336,86.5,753500
2016-05-26,65.41603088378906,86.75,87.30999755859375,86.26000213623047,86.95999908447266,516900
2016-05-27,65.81568908691406,87.27999877929688,87.55999755859375,86.30000305175781,86.30000305175781,413700
2016-05-31,65.82323455810547,87.29000091552734,87.63999938964844,86.43000030517578,87.2699966430664,643800
2016-06-01,65.69506072998047,87.12000274658203,87.16000366210938,86.16999816894531,86.58000183105469,886200
2016-06-02,65.40094757080078,86.7300033569336,87.12000274658203,86.0999984741211,86.63999938964844,681800
2016-06-03,64.69213104248047,85.79000091552734,86.41999816894531,85.33000183105469,86.19000244140625,720700
2016-06-06,65.03146362304688,86.23999786376953,86.94000244140625,85.94999694824219,86.36000061035156,687600
2016-06-07,65.56683349609375,86.94999694824219,87.23999786376953,86.13999938964844,86.2300033569336,707600
2016-06-08,65.68748474121094,87.11000061035156,87.37999725341797,86.63999938964844,86.81999969482422,366500
2016-06-09,65.65734100341797,87.06999969482422,87.16000366210938,85.69999694824219,86.7300033569336,524700
2016-06-10,64.79014587402344,85.91999816894531,86.83999633789062,85.48999786376953,86.61000061035156,446700
2016-06-13,64.14163208007812,85.05999755859375,86.0,85.04000091552734,85.7699966430664,457200
2016-06-14,64.42821502685547,85.44000244140625,85.48999786376953,84.4800033569336,84.9000015258789,1208900
2016-06-15,64.86554718017578,86.0199966430664,86.7699966430664,85.45999908447266,85.58999633789062,741900
2016-06-16,64.76751708984375,85.88999938964844,86.25,84.58999633789062,85.48999786376953,710500
2016-06-17,64.4131088256836,85.41999816894531,85.91999816894531,84.86000061035156,85.81999969482422,786400
2016-06-20,64.96357727050781,86.1500015258789,87.0999984741211,86.05000305175781,86.75,601900
2016-06-21,64.71475982666016,85.81999969482422,86.81999969482422,85.69000244140625,86.27999877929688,972300
2016-06-22,64.75244903564453,85.87000274658203,86.83000183105469,85.6500015258789,85.94000244140625,514200
2016-06-23,65.00130462646484,86.19999694824219,86.66000366210938,85.52999877929688,86.63999938964844,1234400
2016-06-24,62.113189697265625,82.37000274658203,84.19999694824219,82.33000183105469,83.44999694824219,2621100
2016-06-27,60.7860107421875,80.61000061035156,82.0199966430664,80.33999633789062,81.87999725341797,983200
2016-06-28,62.4072494506836,82.76000213623047,83.0199966430664,80.68000030517578,80.9000015258789,1286200
2016-06-29,62.64102935791016,83.06999969482422,83.58000183105469,82.76000213623047,83.18000030517578,1825300
2016-06-30,63.33478546142578,83.98999786376953,84.12999725341797,82.58000183105469,82.73999786376953,2309100
2016-07-01,63.26691055297852,83.9000015258789,84.25,83.52999877929688,84.05000305175781,1046800
2016-07-05,62.0830078125,82.33000183105469,83.56999969482422,81.73999786376953,83.33000183105469,1482700
2016-07-06,62.59576797485352,83.01000213623047,83.19999694824219,82.13999938964844,82.26000213623047,3448600
2016-07-07,62.67121505737305,83.11000061035156,83.80999755859375,82.43000030517578,83.23999786376953,1301000
2016-07-08,63.877716064453125,84.70999908447266,84.94000244140625,83.18000030517578,83.5999984741211,3082800
2016-07-11,64.47343444824219,85.5,85.9000015258789,84.94999694824219,84.94999694824219,727300
2016-07-12,65.03900146484375,86.25,87.0,85.73999786376953,85.73999786376953,1083400
2016-07-13,64.50360107421875,85.54000091552734,86.94999694824219,84.9800033569336,86.41999816894531,831100
2016-07-14,64.29247283935547,85.26000213623047,86.1500015258789,85.19000244140625,86.05999755859375,664800
2016-07-15,64.47343444824219,85.5,85.73999786376953,84.91999816894531,85.4000015258789,1418600
2016-07-18,60.1902961730957,79.81999969482422,84.25,78.52999877929688,83.5,7940300
2016-07-19,61.14043426513672,81.08000183105469,81.9000015258789,80.19999694824219,80.80999755859375,3289100
2016-07-20,61.328948974609375,81.33000183105469,81.66999816894531,80.7300033569336,81.5,2197400
2016-07-21,61.03484725952149,80.94000244140625,81.77999877929688,80.45999908447266,81.58999633789062,1288900
2016-07-22,60.62765884399414,80.4000015258789,81.04000091552734,80.27999877929688,80.83999633789062,1078500
2016-07-25,61.19321823120117,81.1500015258789,81.25,79.95999908447266,80.25,1733600
2016-07-26,60.98960876464844,80.87999725341797,81.5999984741211,80.41000366210938,81.19000244140625,1009200
2016-07-27,61.04993438720703,80.95999908447266,81.45999908447266,80.51000213623047,80.81999969482422,1203800
2016-07-28,61.45971298217773,80.98999786376953,81.08999633789062,80.19999694824219,80.43000030517578,991900
2016-07-29,61.64185333251953,81.2300033569336,81.55000305175781,80.55999755859375,80.7300033569336,953800
2016-08-01,61.48247909545898,81.0199966430664,81.66999816894531,81.0,81.02999877929688,882500
2016-08-02,61.01199722290039,80.4000015258789,81.44000244140625,80.25,81.11000061035156,1004700
2016-08-03,61.32311248779297,80.80999755859375,80.97000122070312,80.13999938964844,80.20999908447266,910100
2016-08-04,61.14098739624024,80.56999969482422,81.33000183105469,80.45999908447266,80.56999969482422,695100
2016-08-05,62.14268493652344,81.88999938964844,82.05999755859375,80.76000213623047,80.98999786376953,1098500
2016-08-08,62.02885818481445,81.73999786376953,82.22000122070312,81.37999725341797,81.66000366210938,628300
2016-08-09,61.85431671142578,81.51000213623047,82.44000244140625,81.33000183105469,81.80000305175781,745600
2016-08-10,62.31724548339844,82.12000274658203,82.12999725341797,80.9800033569336,81.63999938964844,655400
2016-08-11,62.87118911743164,82.8499984741211,82.91999816894531,81.94000244140625,82.20999908447266,675000
2016-08-12,62.544883728027344,82.41999816894531,82.81999969482422,82.12000274658203,82.79000091552734,619900
2016-08-15,62.06682205200195,81.79000091552734,82.75,81.66000366210938,82.41000366210938,733900
2016-08-16,61.35346984863281,80.8499984741211,81.8499984741211,80.45999908447266,81.72000122070312,962700
2016-08-17,61.51284790039063,81.05999755859375,81.19000244140625,80.4000015258789,80.9000015258789,660600
2016-08-18,61.216896057128906,80.66999816894531,81.19000244140625,80.5,80.97000122070312,662900
2016-08-19,61.23204803466797,80.69000244140625,80.81999969482422,80.20999908447266,80.31999969482422,616300
2016-08-22,61.25484085083008,80.72000122070312,80.95999908447266,80.37000274658203,80.37000274658203,726500
2016-08-23,62.33238983154297,82.13999938964844,82.4800033569336,80.68000030517578,81.16999816894531,709000
2016-08-24,61.62667465209961,81.20999908447266,82.26000213623047,81.11000061035156,82.26000213623047,414300
2016-08-25,61.33070373535156,80.81999969482422,81.16000366210938,80.58000183105469,80.91999816894531,434300
2016-08-26,61.74050521850586,81.36000061035156,82.13999938964844,80.83999633789062,80.94000244140625,638400
2016-08-29,61.9150505065918,81.58999633789062,81.76000213623047,80.94999694824219,81.30000305175781,374800
2016-08-30,62.393096923828125,82.22000122070312,82.25,81.41000366210938,81.62999725341797,690400
2016-08-31,62.02885818481445,81.73999786376953,82.22000122070312,81.4000015258789,81.95999908447266,712200
2016-09-01,61.93781280517578,81.62000274658203,81.91999816894531,80.77999877929688,81.43000030517578,553400
2016-09-02,62.91674041748047,82.91000366210938,82.94999694824219,81.83000183105469,81.91999816894531,570200
2016-09-06,62.76495742797852,82.70999908447266,83.25,81.9800033569336,82.91999816894531,805200
2016-09-07,62.71183013916016,82.63999938964844,82.93000030517578,81.9000015258789,82.69000244140625,555200
2016-09-08,61.694950103759766,81.30000305175781,82.68000030517578,81.2699966430664,82.58000183105469,781300
2016-09-09,60.65533828735352,79.93000030517578,81.04000091552734,79.81999969482422,80.83999633789062,900600
2016-09-12,60.6781005859375,79.95999908447266,80.22000122070312,79.08000183105469,79.30000305175781,999400
2016-09-13,59.11484909057617,77.9000015258789,79.77999877929688,77.51000213623047,79.55000305175781,1312700
2016-09-14,58.9782600402832,77.72000122070312,78.33999633789062,77.31999969482422,78.05999755859375,775100
2016-09-15,59.00103378295898,77.75,78.16999816894531,77.19999694824219,77.69999694824219,990300
2016-09-16,58.63677597045898,77.2699966430664,77.7699966430664,76.80000305175781,77.25,1535700
2016-09-19,58.682315826416016,77.33000183105469,78.25,77.0199966430664,77.4000015258789,736100
2016-09-20,58.71266174316406,77.37000274658203,78.04000091552734,77.2699966430664,77.80999755859375,576000
2016-09-21,59.92683792114258,78.97000122070312,79.05999755859375,77.63999938964844,77.70999908447266,616800
2016-09-22,60.253150939941406,79.4000015258789,79.86000061035156,78.75,79.6500015258789,724700
2016-09-23,60.82986831665039,80.16000366210938,81.0999984741211,79.37999725341797,79.37999725341797,789900
2016-09-26,60.23038482666016,79.37000274658203,80.05000305175781,78.98999786376953,79.9800033569336,1033700
2016-09-27,60.60981750488281,79.87000274658203,80.37000274658203,78.5999984741211,79.25,1030700
2016-09-28,60.41250991821289,79.61000061035156,80.30000305175781,79.36000061035156,80.1500015258789,860700
2016-09-29,60.24556350708008,79.38999938964844,80.33000183105469,79.02999877929688,79.58999633789062,917200
2016-09-30,60.20001602172852,79.33000183105469,79.76000213623047,78.86000061035156,79.33999633789062,1296400
2016-10-03,61.11822891235352,80.54000091552734,80.79000091552734,78.98999786376953,78.98999786376953,1125900
2016-10-04,61.02714920043945,80.41999816894531,80.91999816894531,79.16999816894531,79.16999816894531,1015300
2016-10-05,61.04235076904297,80.44000244140625,80.80000305175781,80.02999877929688,80.79000091552734,887300
2016-10-06,61.07272338867188,80.4800033569336,80.80000305175781,80.1500015258789,80.58000183105469,951300
2016-10-07,60.1772689819336,79.30000305175781,80.77999877929688,78.44999694824219,80.77999877929688,1587100
2016-10-10,60.54150772094727,79.77999877929688,79.98999786376953,79.26000213623047,79.87999725341797,1055500
2016-10-11,59.714351654052734,78.69000244140625,79.81999969482422,78.4000015258789,79.81999969482422,1113600
2016-10-12,58.91756057739258,77.63999938964844,78.68000030517578,77.4000015258789,78.55000305175781,1897800
2016-10-13,58.14352035522461,76.62000274658203,77.25,76.4000015258789,77.25,1568400
2016-10-14,57.79444885253906,76.16000366210938,77.9000015258789,76.13999938964844,77.0999984741211,2977300
2016-10-17,62.08956527709961,81.81999969482422,82.81999969482422,79.11000061035156,79.94000244140625,9315500
2016-10-18,61.80880737304688,81.44999694824219,82.69000244140625,80.33999633789062,82.08000183105469,2830500
2016-10-19,61.39142608642578,80.9000015258789,81.86000061035156,80.83999633789062,81.70999908447266,1618400
2016-10-20,62.58283233642578,82.47000122070312,82.69000244140625,80.5999984741211,80.94000244140625,1709100
2016-10-21,62.84083557128906,82.80999755859375,82.87000274658203,81.70999908447266,81.70999908447266,1619200
2016-10-24,63.652809143066406,83.87999725341797,84.25,83.23999786376953,83.38999938964844,1581700
2016-10-25,63.212669372558594,83.30000305175781,83.94000244140625,81.91999816894531,83.4800033569336,1224100
2016-10-26,62.63593673706055,82.54000091552734,83.30000305175781,82.16000366210938,83.27999877929688,636100
2016-10-27,62.84083557128906,82.80999755859375,82.88999938964844,82.05000305175781,82.63999938964844,1177800
2016-10-28,63.581485748291016,83.2699966430664,83.72000122070312,82.20999908447266,82.51000213623047,1115100
2016-10-31,63.68840026855469,83.41000366210938,84.4000015258789,83.26000213623047,83.44999694824219,1025200
2016-11-01,62.77212142944336,82.20999908447266,83.93000030517578,81.6500015258789,83.88999938964844,1261700
2016-11-02,61.894020080566406,81.05999755859375,82.5999984741211,80.91000366210938,82.12999725341797,976500
2016-11-03,62.06201171875,81.27999877929688,81.81999969482422,80.36000061035156,81.44000244140625,1202300
2016-11-04,61.93985366821289,81.12000274658203,82.76000213623047,81.06999969482422,81.91999816894531,960200
2016-11-07,63.09281539916992,82.62999725341797,82.76000213623047,81.98999786376953,82.26000213623047,922100
2016-11-08,63.604400634765625,83.30000305175781,83.54000091552734,82.36000061035156,82.48999786376953,703300
2016-11-09,63.70367431640625,83.43000030517578,83.88999938964844,80.55000305175781,81.7300033569336,1153300
2016-11-10,64.06253814697266,83.9000015258789,84.63999938964844,83.25,83.76000213623047,1107300
2016-11-11,64.58940124511719,84.58999633789062,84.91000366210938,83.55000305175781,83.8499984741211,997800
2016-11-14,66.58226776123047,87.19999694824219,87.72000122070312,84.94999694824219,85.0,2078800
2016-11-15,65.23077392578125,85.43000030517578,87.31999969482422,85.05999755859375,87.0999984741211,1124400
2016-11-16,65.14676666259766,85.31999969482422,86.02999877929688,84.79000091552734,85.37999725341797,703700
2016-11-17,65.62782287597656,85.94999694824219,86.19999694824219,85.12999725341797,85.72000122070312,736700
2016-11-18,64.3526840209961,84.27999877929688,86.18000030517578,84.25,86.12999725341797,731700
2016-11-21,65.38349151611328,85.62999725341797,85.88999938964844,84.48999786376953,84.69999694824219,847300
2016-11-22,65.86453247070312,86.26000213623047,86.6500015258789,85.27999877929688,85.79000091552734,1073100
2016-11-23,66.34555053710938,86.88999938964844,87.11000061035156,85.95999908447266,85.95999908447266,744600
2016-11-25,67.1473388671875,87.94000244140625,87.95999908447266,86.63999938964844,86.95999908447266,418600
2016-11-28,65.24604034423828,85.44999694824219,86.75,85.12000274658203,86.54000091552734,1923500
2016-11-29,66.13941955566406,86.62000274658203,87.13999938964844,85.12999725341797,85.12999725341797,1255400
2016-11-30,65.20023345947266,85.38999938964844,87.12000274658203,85.33999633789062,86.68000030517578,1104000
2016-12-01,64.23815155029297,84.12999725341797,85.25,83.55999755859375,85.25,1188100
2016-12-02,64.12360382080078,83.9800033569336,84.73999786376953,83.56999969482422,84.02999877929688,881700
2016-12-05,64.42903137207031,84.37999725341797,85.41999816894531,84.23999786376953,84.63999938964844,956300
2016-12-06,64.474853515625,84.44000244140625,84.9800033569336,83.95999908447266,84.5999984741211,963100
2016-12-07,66.06304168701172,86.5199966430664,86.69000244140625,84.08000183105469,84.44999694824219,1189600
2016-12-08,66.22339630126953,86.7300033569336,87.37000274658203,86.0199966430664,86.30000305175781,920200
2016-12-09,65.67365264892578,86.01000213623047,86.5999984741211,85.2699966430664,86.5999984741211,817800
2016-12-12,65.58965301513672,85.9000015258789,87.56999969482422,85.30000305175781,86.51000213623047,1216400
2016-12-13,65.28422546386719,85.5,86.70999908447266,84.68000030517578,85.55000305175781,1232200
2016-12-14,64.96350860595703,85.08000183105469,86.31999969482422,84.69000244140625,85.62999725341797,1449600
2016-12-15,63.28370666503906,82.87999725341797,85.30999755859375,82.37000274658203,85.30999755859375,1730000
2016-12-16,61.74895477294922,80.87000274658203,84.5199966430664,80.77999877929688,82.86000061035156,6199500
2016-12-19,60.94721603393555,79.81999969482422,81.26000213623047,78.75,80.0999984741211,2457100
2016-12-20,61.82530975341797,80.97000122070312,81.06999969482422,80.04000091552734,80.23999786376953,1111100
2016-12-21,61.09229278564453,80.01000213623047,81.33000183105469,79.86000061035156,80.87999725341797,873500
2016-12-22,60.10731506347656,78.72000122070312,79.68000030517578,77.33999633789062,79.68000030517578,1935100
2016-12-23,59.83240509033203,78.36000061035156,79.4000015258789,78.1500015258789,78.77999877929688,927900
2016-12-27,59.71025085449219,78.19999694824219,79.43000030517578,77.93000030517578,78.69999694824219,1170100
2016-12-28,59.26740646362305,77.62000274658203,78.0,77.37999725341797,77.9000015258789,927800
2016-12-29,59.50407791137695,77.93000030517578,78.52999877929688,77.19999694824219,77.7699966430664,1212300
2016-12-30,59.39718627929688,77.79000091552734,78.63999938964844,77.43000030517578,78.19999694824219,1049600
2017-01-03,60.93194580078125,79.80000305175781,79.8499984741211,78.11000061035156,78.11000061035156,1750000
2017-01-04,61.80239486694336,80.94000244140625,81.55000305175781,79.6500015258789,79.6500015258789,1881600
2017-01-05,63.917442321777344,83.70999908447266,84.19000244140625,79.30999755859375,80.6500015258789,3326700
2017-01-06,63.27607345581055,82.87000274658203,83.88999938964844,81.83000183105469,83.55000305175781,2195200
2017-01-09,63.06989288330078,82.5999984741211,83.4000015258789,82.16999816894531,82.98999786376953,1331300
2017-01-10,63.2684211730957,82.86000061035156,83.19999694824219,82.5,82.81999969482422,982700
2017-01-11,62.97826385498047,82.4800033569336,82.9800033569336,81.75,82.55000305175781,1339000
2017-01-12,63.71892929077149,83.44999694824219,83.91999816894531,81.30999755859375,82.26000213623047,1320800
2017-01-13,64.03196716308594,83.86000061035156,83.94000244140625,83.2699966430664,83.6500015258789,1155100
2017-01-17,65.03224182128906,85.16999816894531,85.22000122070312,83.55999755859375,83.69999694824219,1653900
2017-01-18,64.55884552001953,84.55000305175781,85.3499984741211,84.12000274658203,85.31999969482422,1828100
2017-01-19,63.96327590942383,83.7699966430664,85.2699966430664,83.58999633789062,84.91000366210938,919000
2017-01-20,64.13124084472656,83.98999786376953,84.70999908447266,83.62999725341797,84.05000305175781,950500
2017-01-23,64.07779693603516,83.91999816894531,84.5999984741211,83.62000274658203,84.12999725341797,969300
2017-01-24,65.24604034423828,85.44999694824219,85.6500015258789,84.05000305175781,84.05000305175781,1131500
2017-01-25,66.24629974365234,86.76000213623047,87.11000061035156,86.0,86.11000061035156,1468100
2017-01-26,62.237606048583984,81.51000213623047,82.0999984741211,80.22000122070312,81.12000274658203,4222800
2017-01-27,63.06226348876953,82.58999633789062,82.62999725341797,81.38999938964844,81.41999816894531,1649500
2017-01-30,64.0533676147461,83.37000274658203,83.4800033569336,81.56999969482422,82.0,1336100
2017-01-31,63.39263534545898,82.51000213623047,83.16999816894531,82.01000213623047,82.94000244140625,1828300
2017-02-01,63.10066986083984,82.12999725341797,82.58999633789062,81.80000305175781,82.4800033569336,1265000
2017-02-02,63.33885955810547,82.44000244140625,82.56999969482422,81.54000091552734,82.06999969482422,963800
2017-02-03,63.48484802246094,82.62999725341797,83.2300033569336,82.22000122070312,82.79000091552734,1856400
2017-02-06,72.45861053466797,94.30999755859376,96.33999633789062,93.3000030517578,94.11000061035156,12332700
2017-02-07,72.97337341308594,94.9800033569336,97.56999969482422,93.26000213623048,94.27999877929688,6446000
2017-02-08,74.23338317871094,96.62000274658205,96.7300033569336,95.0,95.16000366210938,2509500
2017-02-09,75.09387969970703,97.73999786376952,98.26000213623048,96.43000030517578,96.5199966430664,1775400
2017-02-10,75.00938415527344,97.62999725341795,98.0,97.04000091552734,97.7300033569336,1378500
2017-02-13,75.3935317993164,98.12999725341795,98.76000213623048,97.98999786376952,98.26000213623048,1766000
2017-02-14,75.13999938964844,97.8000030517578,98.58999633789062,97.54000091552734,98.36000061035156,1978700
2017-02-15,75.17071533203125,97.83999633789062,98.05999755859376,97.37000274658205,97.4499969482422,1010600
2017-02-16,75.0170669555664,97.63999938964844,98.1999969482422,97.29000091552734,97.9000015258789,894700
2017-02-17,75.67780303955078,98.5,98.63999938964844,96.81999969482422,97.5,1562500
2017-02-21,75.96974182128906,98.87999725341795,99.33000183105467,98.2699966430664,98.98999786376952,1563600
2017-02-22,75.92364501953125,98.81999969482422,98.95999908447266,98.30999755859376,98.81999969482422,1134500
2017-02-23,74.56376647949219,97.0500030517578,98.9800033569336,96.93000030517578,98.5999984741211,1038000
2017-02-24,75.12462615966797,97.77999877929688,97.79000091552734,96.5,96.87000274658205,1110300
2017-02-27,74.93254089355469,97.52999877929688,97.62000274658205,96.66000366210938,97.38999938964844,1082800
2017-02-28,74.42546081542969,96.87000274658205,97.9499969482422,96.8000030517578,97.5199966430664,1309700
2017-03-01,75.23985290527344,97.93000030517578,98.58999633789062,96.87999725341795,97.12999725341795,1502200
2017-03-02,74.93254089355469,97.52999877929688,98.61000061035156,97.29000091552734,97.87999725341795,1055900
2017-03-03,75.10157775878906,97.75,97.9000015258789,97.04000091552734,97.4800033569336,1027900
2017-03-06,74.55610656738281,97.04000091552734,97.81999969482422,97.01000213623048,97.51000213623048,867300
2017-03-07,74.67900085449219,97.1999969482422,97.7699966430664,96.79000091552734,96.79000091552734,1022300
2017-03-08,74.81730651855469,97.37999725341795,97.7300033569336,96.91999816894533,97.2300033569336,836000
2017-03-09,74.79424285888672,97.3499984741211,97.87000274658205,97.0,97.68000030517578,1001100
2017-03-10,74.8864517211914,97.47000122070312,97.87999725341795,97.2300033569336,97.87999725341795,949800
2017-03-13,75.05548095703125,97.69000244140624,97.9000015258789,97.2699966430664,97.41000366210938,913500
2017-03-14,75.43194580078125,98.18000030517578,98.7300033569336,97.48999786376952,97.87999725341795,943500
2017-03-15,76.45378875732422,99.51000213623048,99.83000183105467,97.93000030517578,98.31999969482422,1267100
2017-03-16,76.24634552001953,99.23999786376952,100.13999938964844,99.01000213623048,99.66000366210938,953700
2017-03-17,77.02233123779297,100.25,100.5500030517578,98.69000244140624,98.98999786376952,1341200
2017-03-20,77.25279998779297,100.5500030517578,101.08000183105467,99.52999877929688,100.22000122070312,1355300
2017-03-21,75.87754821777344,98.76000213623048,101.0,98.72000122070312,100.72000122070312,818600
2017-03-22,75.89290618896484,98.77999877929688,99.16999816894533,98.02999877929688,98.6500015258789,1492600
2017-03-23,76.77647399902344,99.93000030517578,100.2300033569336,99.0,99.1500015258789,998200
2017-03-24,76.80720520019531,99.97000122070312,100.45999908447266,99.72000122070312,100.01000213623048,887400
2017-03-27,76.10035705566406,99.0500030517578,99.6999969482422,98.75,99.27999877929688,1171500
2017-03-28,76.3692626953125,99.4000015258789,99.98999786376952,98.27999877929688,99.05999755859376,925200
2017-03-29,76.56135559082031,99.6500015258789,99.69000244140624,98.83999633789062,99.0500030517578,819200
2017-03-30,76.507568359375,99.58000183105467,99.70999908447266,99.0999984741211,99.36000061035156,665000
2017-03-31,76.69196319580078,99.81999969482422,100.54000091552734,99.44000244140624,99.5999984741211,840400
2017-04-03,76.51525115966797,99.58999633789062,100.3499984741211,99.2300033569336,99.9000015258789,1323200
2017-04-04,75.17841339111328,97.8499984741211,99.80999755859376,97.61000061035156,99.2300033569336,865400
2017-04-05,74.18728637695312,96.55999755859376,98.20999908447266,96.33000183105467,98.01000213623048,2023000
2017-04-06,74.08741760253906,96.43000030517578,96.87999725341795,96.04000091552734,96.48999786376952,1598200
2017-04-07,73.5649642944336,95.75,96.7699966430664,95.54000091552734,96.69000244140624,971100
2017-04-10,73.5880126953125,95.77999877929688,96.13999938964844,94.76000213623048,95.87000274658205,805200
2017-04-11,73.97985076904297,96.29000091552734,96.33000183105467,94.87000274658205,95.43000030517578,848400
2017-04-12,74.11048126220703,96.45999908447266,96.98999786376952,95.6500015258789,96.20999908447266,946300
2017-04-13,73.37289428710938,95.5,96.52999877929688,95.45999908447266,96.11000061035156,916000
2017-04-17,73.62641906738281,95.83000183105467,96.19000244140624,95.06999969482422,95.73999786376952,709400
2017-04-18,73.51883697509766,95.69000244140624,96.19000244140624,95.41000366210938,95.76000213623048,673700
2017-04-19,73.38058471679688,95.51000213623048,96.51000213623048,94.9800033569336,96.16000366210938,982600
2017-04-20,73.76472473144531,96.01000213623048,96.55999755859376,95.5199966430664,96.0199966430664,1018400
2017-04-21,73.78009796142578,96.02999877929688,96.5199966430664,94.79000091552734,94.83999633789062,1997700
2017-04-24,78.13636779785156,101.6999969482422,104.13999938964844,99.68000030517578,102.27999877929688,5715000
2017-04-25,78.03646850585938,101.56999969482422,102.8000030517578,100.93000030517578,101.16999816894533,1713300
2017-04-26,77.62928771972656,101.04000091552734,101.98999786376952,100.9000015258789,101.37000274658205,1129600
2017-04-27,77.66793060302734,100.5199966430664,101.04000091552734,99.7300033569336,100.80999755859376,1284600
2017-04-28,76.57846069335938,99.11000061035156,100.36000061035156,98.5,100.3000030517578,1474900
2017-05-01,76.323486328125,98.77999877929688,99.4800033569336,98.01000213623048,99.4800033569336,1316500
2017-05-02,77.01115417480469,99.66999816894533,100.02999877929688,98.98999786376952,99.4000015258789,977300
2017-05-03,76.5552749633789,99.08000183105467,99.91999816894533,98.66999816894533,99.6500015258789,826500
2017-05-04,76.77936553955078,99.37000274658205,99.70999908447266,98.91000366210938,99.3000030517578,786800
2017-05-05,77.420654296875,100.1999969482422,100.22000122070312,99.12000274658205,99.5999984741211,488500
2017-05-08,77.07296752929688,99.75,100.7699966430664,99.6500015258789,100.4499969482422,430500
2017-05-09,78.18560028076172,101.19000244140624,101.1999969482422,99.43000030517578,99.5999984741211,1093600
2017-05-10,78.67237091064453,101.81999969482422,101.86000061035156,100.72000122070312,101.12000274658205,1090500
2017-05-11,78.3323974609375,101.37999725341795,101.5199966430664,100.4499969482422,101.2699966430664,588700
2017-05-12,78.32469940185547,101.37000274658205,101.5500030517578,100.8499984741211,101.05999755859376,472700
2017-05-15,78.26289367675781,101.29000091552734,101.81999969482422,100.87999725341795,101.2300033569336,502700
2017-05-16,78.05423736572266,101.0199966430664,101.20999908447266,100.5999984741211,101.12999725341795,650700
2017-05-17,76.85663604736328,99.47000122070312,101.08000183105467,99.41000366210938,100.5500030517578,713100
2017-05-18,76.90299224853516,99.52999877929688,99.83000183105467,98.62000274658205,99.3499984741211,669000
2017-05-19,78.07744598388672,101.0500030517578,101.58000183105467,98.2699966430664,99.56999969482422,748600
2017-05-22,78.23966979980469,101.26000213623048,102.08000183105467,100.5,100.68000030517578,782700
2017-05-23,78.02335357666016,100.9800033569336,101.7300033569336,100.51000213623048,101.6500015258789,608400
2017-05-24,80.32586669921875,103.95999908447266,104.11000061035156,101.54000091552734,101.7300033569336,1171400
2017-05-25,80.4881362915039,104.16999816894533,104.81999969482422,103.9800033569336,104.37999725341795,954100
2017-05-26,80.51905059814453,104.20999908447266,104.79000091552734,103.72000122070312,104.38999938964844,637300
2017-05-30,80.54222106933594,104.23999786376952,104.63999938964844,103.70999908447266,104.12999725341795,503600
2017-05-31,81.33031463623047,105.26000213623048,105.38999938964844,104.01000213623048,104.4499969482422,664900
2017-06-01,81.87891387939453,105.97000122070312,106.43000030517578,104.91000366210938,105.31999969482422,746100
2017-06-02,82.79838562011719,107.16000366210938,108.04000091552734,105.5999984741211,106.12000274658205,1057900
2017-06-05,83.29290008544922,107.8000030517578,107.87999725341795,106.5999984741211,107.04000091552734,1048000
2017-06-06,83.44741821289062,108.0,108.8499984741211,106.76000213623048,107.58999633789062,674100
2017-06-07,83.75648498535156,108.4000015258789,108.5500030517578,107.79000091552734,108.18000030517578,633700
2017-06-08,83.84149932861328,108.51000213623048,108.6999969482422,107.69000244140624,108.11000061035156,524900
2017-06-09,83.37014770507812,107.9000015258789,109.79000091552734,107.66999816894533,109.41000366210938,722900
2017-06-12,83.78739929199219,108.44000244140624,108.7699966430664,107.12000274658205,107.47000122070312,708700
2017-06-13,85.06999969482422,110.0999984741211,110.61000061035156,107.88999938964844,108.52999877929688,930800
2017-06-14,84.4596176147461,109.30999755859376,110.4800033569336,108.91999816894533,110.3000030517578,868500
2017-06-15,84.21237182617188,108.98999786376952,111.01000213623048,108.36000061035156,108.80999755859376,1712000
2017-06-16,84.714599609375,109.63999938964844,110.3499984741211,108.20999908447266,108.20999908447266,1322200
2017-06-19,85.99722290039062,111.3000030517578,111.7699966430664,110.26000213623048,111.3499984741211,690700
2017-06-20,86.05902862548828,111.37999725341795,111.83000183105467,110.6999969482422,111.13999938964844,706200
2017-06-21,85.93539428710938,111.22000122070312,111.93000030517578,110.5500030517578,111.58000183105467,542700
2017-06-22,85.35589599609375,110.47000122070312,111.86000061035156,110.2300033569336,111.86000061035156,486700
2017-06-23,86.46854400634766,111.91000366210938,113.48999786376952,110.33000183105467,113.48999786376952,1470200
2017-06-26,86.41443634033203,111.83999633789062,112.23999786376952,110.94000244140624,112.16000366210938,813400
2017-06-27,85.31725311279297,110.41999816894533,112.08999633789062,110.29000091552734,111.54000091552734,936800
2017-06-28,85.62631225585938,110.81999969482422,111.95999908447266,110.22000122070312,110.7300033569336,612900
2017-06-29,85.03910827636719,110.05999755859376,110.88999938964844,108.94000244140624,110.69000244140624,846200
2017-06-30,86.15947723388672,111.51000213623048,112.08000183105467,110.47000122070312,110.9800033569336,768200
2017-07-03,85.56451416015625,110.73999786376952,112.33999633789062,110.22000122070312,112.08999633789062,381900
2017-07-05,86.53807067871094,112.0,113.0,110.23999786376952,110.41999816894533,741000
2017-07-06,85.85813903808594,111.12000274658205,112.33999633789062,110.33999633789062,111.26000213623048,643700
2017-07-07,86.48397827148438,111.93000030517578,112.19000244140624,111.1500015258789,111.5500030517578,463500
2017-07-10,86.6385269165039,112.12999725341795,112.75,111.06999969482422,112.02999877929688,427800
2017-07-11,86.76988220214844,112.3000030517578,112.5,111.16999816894533,112.4499969482422,528800
2017-07-12,87.28756713867188,112.97000122070312,113.2699966430664,112.19000244140624,113.20999908447266,414500
2017-07-13,86.33717346191406,111.73999786376952,113.41000366210938,111.72000122070312,112.7699966430664,695500
2017-07-14,87.41889190673828,113.13999938964844,113.41000366210938,112.0199966430664,112.23999786376952,453500
2017-07-17,87.18709564208984,112.83999633789062,113.38999938964844,112.61000061035156,113.30999755859376,466400
2017-07-18,87.61979675292969,113.4000015258789,113.68000030517578,112.29000091552734,112.86000061035156,466900
2017-07-19,88.11429595947266,114.04000091552734,114.52999877929688,112.9499969482422,113.62999725341795,584200
2017-07-20,88.7787857055664,114.9000015258789,115.0,112.33999633789062,114.26000213623048,640400
2017-07-21,89.590087890625,115.9499969482422,116.1999969482422,114.72000122070312,114.80999755859376,1321100
2017-07-24,81.12944030761719,105.0,111.58999633789062,103.68000030517578,111.16000366210938,5715800
2017-07-25,82.14936065673828,106.31999969482422,107.62000274658205,104.31999969482422,107.38999938964844,3151500
2017-07-26,81.9793701171875,106.0999984741211,106.6999969482422,105.11000061035156,105.79000091552734,1141500
2017-07-27,82.39659118652344,106.63999938964844,106.6500015258789,105.0,106.29000091552734,968200
2017-07-28,82.1402587890625,105.73999786376952,106.25,105.16000366210938,106.08000183105467,1305400
2017-07-31,82.2490234375,105.87999725341795,106.0,105.1999969482422,105.6999969482422,1341400
2017-08-01,82.30339813232422,105.9499969482422,106.8000030517578,105.52999877929688,106.08000183105467,1214400
2017-08-02,81.38675689697266,104.7699966430664,106.54000091552734,103.26000213623048,105.5,1540300
2017-08-03,80.74199676513672,103.94000244140624,105.72000122070312,103.41000366210938,105.12999725341795,1009200
2017-08-04,80.3924331665039,103.48999786376952,104.31999969482422,102.83999633789062,104.3000030517578,1000400
2017-08-07,80.02730560302734,103.0199966430664,103.86000061035156,102.91999816894533,103.6500015258789,824800
2017-08-08,78.79218292236328,101.43000030517578,103.36000061035156,101.25,102.98999786376952,1182000
2017-08-09,77.68133544921875,100.0,101.0500030517578,99.75,101.0,1575200
2017-08-10,75.98789978027344,97.81999969482422,99.97000122070312,97.68000030517578,99.55999755859376,1223900
2017-08-11,75.7781753540039,97.5500030517578,98.36000061035156,97.06999969482422,97.98999786376952,1515500
2017-08-14,76.31413269042969,98.23999786376952,99.0,98.0,98.4800033569336,943100
2017-08-15,76.38407897949219,98.33000183105467,98.66000366210938,97.75,98.29000091552734,907300
2017-08-16,76.87345886230469,98.95999908447266,99.5999984741211,98.12000274658205,98.25,882600
2017-08-17,75.47520446777344,97.16000366210938,99.02999877929688,97.12000274658205,98.63999938964844,835100
2017-08-18,74.19347381591797,95.51000213623048,96.91000366210938,95.12000274658205,96.7300033569336,1399600
2017-08-21,73.67298126220703,94.83999633789062,95.66000366210938,94.66000366210938,95.5500030517578,1729300
2017-08-22,73.44772338867188,94.5500030517578,95.13999938964844,94.38999938964844,95.0,2229700
2017-08-23,72.95832061767578,93.91999816894533,94.58999633789062,93.7300033569336,94.58999633789062,1616000
2017-08-24,73.83612060546875,95.0500030517578,95.4000015258789,94.05999755859376,94.16999816894533,1824900
2017-08-25,73.95262908935547,95.1999969482422,96.05999755859376,95.08000183105467,95.27999877929688,988200
2017-08-28,73.50985717773438,94.62999725341795,95.4499969482422,94.4800033569336,95.29000091552734,1090600
2017-08-29,73.66522216796875,94.83000183105467,95.2300033569336,94.31999969482422,94.37000274658205,1159200
2017-08-30,74.01477813720703,95.27999877929688,95.6500015258789,94.5199966430664,94.95999908447266,1117000
2017-08-31,76.32192993164062,98.25,98.30999755859376,95.94000244140624,96.0,1687500
2017-09-01,76.39183044433594,98.33999633789062,99.08999633789062,97.80999755859376,98.4499969482422,1071700
2017-09-05,74.20121765136719,95.5199966430664,97.45999908447266,95.16000366210938,97.37000274658205,1378500
2017-09-06,72.7563705444336,93.66000366210938,95.83999633789062,92.1500015258789,95.6500015258789,3335100
2017-09-07,71.98731231689453,92.66999816894533,94.1999969482422,92.37000274658205,93.6500015258789,1403500
2017-09-08,73.09038543701172,94.08999633789062,94.37999725341795,91.56999969482422,92.43000030517578,1356400
2017-09-11,74.41873168945312,95.8000030517578,96.52999877929688,94.56999969482422,94.9800033569336,1644200
2017-09-12,73.73514556884766,94.91999816894533,96.1999969482422,94.44000244140624,95.94000244140624,1682400
2017-09-13,74.54299926757812,95.95999908447266,96.08000183105467,94.5199966430664,94.6500015258789,657300
2017-09-14,73.8516616821289,95.06999969482422,95.93000030517578,94.63999938964844,95.37999725341795,880900
2017-09-15,73.67298126220703,94.83999633789062,95.9499969482422,94.66000366210938,95.0199966430664,1454300
2017-09-18,72.43008422851562,93.23999786376952,95.61000061035156,92.36000061035156,95.16999816894533,1796900
2017-09-19,73.78952026367188,94.98999786376952,96.87999725341795,92.91000366210938,93.04000091552734,1960800
2017-09-20,74.20121765136719,95.5199966430664,95.5999984741211,94.22000122070312,95.5999984741211,1305000
2017-09-21,73.67298126220703,94.83999633789062,95.66000366210938,94.3499984741211,95.54000091552734,1710800
2017-09-22,74.68284606933594,96.13999938964844,96.43000030517578,94.7300033569336,95.0,1548900
2017-09-25,75.04019927978516,96.5999984741211,97.0500030517578,95.5,96.16999816894533,1164600
2017-09-26,75.67716979980469,97.41999816894533,97.6999969482422,96.6999969482422,97.04000091552734,907300
2017-09-27,75.47520446777344,97.16000366210938,97.75,96.7699966430664,97.61000061035156,890800
2017-09-28,75.35868835449219,97.01000213623048,97.45999908447266,96.1500015258789,96.9499969482422,1030400
2017-09-29,75.871337890625,97.66999816894533,97.87000274658205,96.81999969482422,97.0,934100
2017-10-02,75.85582733154297,97.6500015258789,97.73999786376952,96.75,97.3499984741211,1022900
2017-10-03,75.793701171875,97.56999969482422,98.06999969482422,96.87999725341795,97.72000122070312,1045600
2017-10-04,75.8791275024414,97.68000030517578,97.9499969482422,97.08999633789062,97.5199966430664,711900
2017-10-05,75.02467346191406,96.58000183105467,98.58000183105467,96.48999786376952,97.94000244140624,1378500
2017-10-06,74.77606964111328,96.26000213623048,96.41999816894533,95.52999877929688,96.38999938964844,1325700
2017-10-09,75.05574035644531,96.62000274658205,97.26000213623048,96.12000274658205,96.5,628000
2017-10-10,74.72169494628906,96.19000244140624,96.88999938964844,96.08000183105467,96.52999877929688,644100
2017-10-11,75.04793548583984,96.61000061035156,96.83000183105467,95.9000015258789,95.9000015258789,908100
2017-10-12,75.04019927978516,96.5999984741211,96.97000122070312,96.22000122070312,96.44000244140624,798500
2017-10-13,75.05574035644531,96.62000274658205,97.7699966430664,96.5199966430664,97.16999816894533,967900
2017-10-16,75.45188903808594,97.12999725341795,97.25,96.3000030517578,96.5999984741211,1259000
2017-10-17,75.00910949707031,96.55999755859376,97.27999877929688,96.36000061035156,97.27999877929688,1507600
2017-10-18,75.13339233398438,96.72000122070312,96.93000030517578,96.3000030517578,96.51000213623048,821700
2017-10-19,75.09454345703125,96.66999816894533,97.04000091552734,96.12999725341795,96.66999816894533,876500
2017-10-20,76.27534484863281,98.19000244140624,98.93000030517578,97.0999984741211,97.31999969482422,2270300
2017-10-23,69.7190170288086,89.75,93.44000244140624,88.66000366210938,92.69000244140624,7220400
2017-10-24,72.21256256103516,92.95999908447266,93.98999786376952,91.5,91.66999816894533,4445000
2017-10-25,73.33119201660156,94.4000015258789,94.44000244140624,92.5999984741211,92.87999725341795,2730300
2017-10-26,73.74288177490234,94.93000030517578,95.45999908447266,94.2300033569336,94.94000244140624,2011400
2017-10-27,75.45964813232422,97.13999938964844,97.3000030517578,94.0,94.8499984741211,2576100
2017-10-30,74.16239166259766,95.47000122070312,96.95999908447266,95.4000015258789,96.95999908447266,2131900
2017-10-31,72.35717010498047,92.58999633789062,94.75,92.19000244140624,94.6500015258789,1944000
2017-11-01,70.70043182373047,90.47000122070312,93.33000183105467,90.31999969482422,92.9000015258789,1854200
2017-11-02,70.02838897705078,89.61000061035156,91.0999984741211,89.29000091552734,91.06999969482422,1402400
2017-11-03,70.87234497070312,90.69000244140624,91.01000213623048,89.0999984741211,89.1500015258789,1066200
2017-11-06,71.1224365234375,91.01000213623048,91.26000213623048,90.3499984741211,90.66999816894533,704400
2017-11-07,70.24718475341797,89.88999938964844,91.12999725341795,89.16000366210938,90.76000213623048,1362000
2017-11-08,69.55946350097656,89.01000213623047,89.9000015258789,88.20999908447266,89.81999969482422,1630600
2017-11-09,69.30940246582031,88.69000244140625,89.88999938964844,87.91999816894531,88.31999969482422,1637900
2017-11-10,71.46627807617188,91.4499969482422,91.58999633789062,88.76000213623047,88.83000183105469,1421900
2017-11-13,75.670654296875,96.83000183105467,99.16999816894533,94.75,94.75,5587900
2017-11-14,75.00639343261719,95.9800033569336,97.3000030517578,95.63999938964844,96.22000122070312,2382800
2017-11-15,74.04517364501953,94.75,95.88999938964844,94.0199966430664,95.5999984741211,1424400
2017-11-16,74.9438705444336,95.9000015258789,96.33999633789062,93.5,93.91000366210938,967300
2017-11-17,74.9360580444336,95.88999938964844,96.9000015258789,95.6999969482422,96.06999969482422,1080800
2017-11-20,74.25617218017578,95.0199966430664,95.97000122070312,94.45999908447266,95.54000091552734,966900
2017-11-21,74.27961730957031,95.0500030517578,96.0999984741211,94.87999725341795,95.68000030517578,717500
2017-11-22,74.26397705078125,95.02999877929688,95.52999877929688,94.83999633789062,95.16999816894533,471800
2017-11-24,73.9670181274414,94.6500015258789,95.45999908447266,94.58999633789062,95.30999755859376,294000
2017-11-27,73.22461700439453,93.6999969482422,95.22000122070312,93.4800033569336,94.91999816894533,703800
2017-11-28,73.28712463378906,93.77999877929688,94.19000244140624,93.30999755859376,93.77999877929688,741500
2017-11-29,72.55252838134766,92.83999633789062,93.91999816894533,92.80999755859376,93.72000122070312,979200
2017-11-30,72.69319915771484,93.0199966430664,93.91999816894533,92.5500030517578,92.9499969482422,1075000
2017-12-01,71.77105712890625,91.83999633789062,92.87000274658205,90.19000244140624,92.63999938964844,949100
2017-12-04,72.0054931640625,92.13999938964844,93.86000061035156,91.4499969482422,92.31999969482422,1177300
2017-12-05,71.20059204101562,91.11000061035156,92.25,90.02999877929688,91.91999816894533,1637900
2017-12-06,70.96614074707031,90.80999755859376,91.86000061035156,90.75,91.02999877929688,1429400
2017-12-07,71.38813018798828,91.3499984741211,91.61000061035156,90.62999725341795,90.86000061035156,1023700
2017-12-08,71.39595031738281,91.36000061035156,91.9499969482422,91.02999877929688,91.55999755859376,933800
2017-12-11,71.63821411132812,91.66999816894533,92.6500015258789,91.0,91.16000366210938,859700
2017-12-12,71.9117202758789,92.0199966430664,92.31999969482422,90.77999877929688,91.58999633789062,973700
2017-12-13,74.59220886230469,95.4499969482422,96.0,92.02999877929688,92.38999938964844,2174000
2017-12-14,74.92041015625,95.87000274658205,97.16999816894533,95.4499969482422,95.73999786376952,1283600
2017-12-15,73.51374053955078,94.06999969482422,96.8499984741211,93.93000030517578,96.38999938964844,2334400
2017-12-18,71.54441833496094,91.5500030517578,94.97000122070312,91.0199966430664,94.38999938964844,1660500
2017-12-19,71.63821411132812,91.66999816894533,91.97000122070312,90.23999786376952,91.62999725341795,1502100
2017-12-20,71.20059204101562,91.11000061035156,92.5500030517578,90.83999633789062,92.08999633789062,993700
2017-12-21,72.55252838134766,92.83999633789062,94.0999984741211,91.54000091552734,92.02999877929688,1094600
2017-12-22,73.10741424560547,93.5500030517578,93.70999908447266,92.58000183105467,92.69000244140624,775500
2017-12-26,72.52128601074219,92.8000030517578,93.91000366210938,92.27999877929688,93.88999938964844,551800
2017-12-27,71.63821411132812,91.66999816894533,93.27999877929688,91.19000244140624,92.9499969482422,1036100
2017-12-28,71.52098083496094,91.5199966430664,92.02999877929688,90.56999969482422,91.77999877929688,817300
2017-12-29,71.02863311767578,90.88999938964844,91.58999633789062,90.08000183105467,91.47000122070312,854700
2018-01-02,71.9585952758789,92.08000183105467,92.25,90.70999908447266,91.55999755859376,1223300
2018-01-03,71.34123229980469,91.29000091552734,92.2699966430664,89.94999694824219,92.2699966430664,1677500
2018-01-04,70.88799285888672,90.70999908447266,91.9499969482422,90.54000091552734,91.54000091552734,1291400
2018-01-05,72.21650695800781,92.41000366210938,92.77999877929688,89.98999786376953,91.18000030517578,1644200
2018-01-08,72.81043243408203,93.16999816894533,93.29000091552734,91.68000030517578,92.0999984741211,1257000
2018-01-09,73.41217041015625,93.94000244140624,95.16999816894533,93.0,93.44000244140624,1324700
2018-01-10,72.13833618164062,92.30999755859376,94.19000244140624,91.91999816894533,93.73999786376952,1239300
2018-01-11,72.21650695800781,92.41000366210938,92.62000274658205,90.5999984741211,92.08999633789062,1218100
2018-01-12,72.24775695800781,92.4499969482422,93.7699966430664,91.93000030517578,92.62000274658205,1328800
2018-01-16,71.41938018798828,91.38999938964844,92.87999725341795,91.3000030517578,92.58000183105467,1521300
2018-01-17,71.59915161132812,91.62000274658205,93.1500015258789,91.22000122070312,91.4499969482422,1387000
2018-01-18,70.739501953125,90.5199966430664,92.13999938964844,88.30000305175781,90.91000366210938,1909800
2018-01-19,72.3337173461914,92.55999755859376,92.7300033569336,89.54000091552734,90.58000183105467,1859900
2018-01-22,71.00521087646484,90.86000061035156,92.48999786376952,89.69000244140625,92.33999633789062,1695300
2018-01-23,73.89668273925781,94.55999755859376,97.45999908447266,90.04000091552734,91.8499984741211,3606800
2018-01-24,74.84227752685547,95.7699966430664,96.93000030517578,93.25,94.41999816894533,2354200
2018-01-25,74.67034149169922,95.5500030517578,96.94000244140624,95.2300033569336,96.48999786376952,1475000
2018-01-26,72.98236846923828,93.38999938964844,96.11000061035156,91.47000122070312,95.52999877929688,2644900
2018-01-29,73.61532592773438,94.1999969482422,94.5,92.81999969482422,93.3499984741211,935500
2018-01-30,73.6700439453125,94.2699966430664,94.9800033569336,93.37000274658205,94.0199966430664,1351800
2018-01-31,74.35407257080078,94.56999969482422,94.91000366210938,93.86000061035156,94.41999816894533,947200
2018-02-01,75.27396392822266,95.73999786376952,96.3000030517578,93.45999908447266,94.33999633789062,1462000
2018-02-02,74.0002670288086,94.12000274658205,95.37999725341795,93.75,94.75,1823300
2018-02-05,71.80667877197266,91.33000183105467,94.44000244140624,91.3000030517578,94.01000213623048,1990900
2018-02-06,73.85090637207031,93.93000030517578,94.33999633789062,89.88999938964844,90.5999984741211,2692700
2018-02-07,80.36876678466797,102.22000122070312,103.38999938964844,92.0999984741211,92.5,7270600
2018-02-08,75.85577392578125,96.4800033569336,101.51000213623048,96.27999877929688,101.01000213623048,3362700
2018-02-09,76.83857727050781,97.7300033569336,98.9800033569336,95.04000091552734,97.6999969482422,2911500
2018-02-12,75.9737319946289,96.62999725341795,99.33000183105467,96.33999633789062,98.41000366210938,1313000
2018-02-13,75.1324462890625,95.55999755859376,97.38999938964844,94.7300033569336,96.43000030517578,1987900
2018-02-14,76.03662109375,96.70999908447266,97.27999877929688,94.68000030517578,95.16000366210938,1370200
2018-02-15,76.54765319824219,97.36000061035156,97.81999969482422,95.62000274658205,96.7699966430664,1270600
2018-02-16,77.71916961669922,98.8499984741211,100.69000244140624,95.6999969482422,97.2300033569336,2570400
2018-02-20,76.87000274658203,97.7699966430664,98.9499969482422,97.25,98.5199966430664,1403700
2018-02-21,77.89214324951172,99.06999969482422,100.26000213623048,97.58000183105467,98.18000030517578,1916800
2018-02-22,76.50836181640625,97.30999755859376,99.05999755859376,96.9800033569336,98.8000030517578,1426100
2018-02-23,76.6341552734375,97.47000122070312,97.72000122070312,95.97000122070312,97.1999969482422,1290000
2018-02-26,77.45970916748047,98.5199966430664,98.9000015258789,97.36000061035156,97.80999755859376,1230900
2018-02-27,76.45330810546875,97.23999786376952,100.5500030517578,97.22000122070312,98.87999725341795,979600
2018-02-28,75.14031982421875,95.56999969482422,98.4800033569336,95.5500030517578,97.62000274658205,1398000
2018-03-01,74.22041320800781,94.4000015258789,96.86000061035156,94.22000122070312,96.05999755859376,1150800
2018-03-02,75.2032241821289,95.6500015258789,95.93000030517578,93.5500030517578,93.95999908447266,888400
2018-03-05,76.10736846923828,96.8000030517578,97.16000366210938,94.77999877929688,95.4000015258789,768100
2018-03-06,75.37617492675781,95.87000274658205,96.9800033569336,95.37999725341795,96.8000030517578,701800
2018-03-07,74.07889556884766,94.22000122070312,96.37000274658205,94.13999938964844,95.4499969482422,1152100
2018-03-08,73.41844940185547,93.37999725341795,94.29000091552734,93.05999755859376,94.0199966430664,864000
2018-03-09,71.90888977050781,91.45999908447266,92.1500015258789,89.83999633789062,91.08000183105467,3198300
2018-03-12,70.81602478027344,90.06999969482422,92.18000030517578,90.0,92.0,1980400
2018-03-13,70.24993133544922,89.3499984741211,90.91000366210938,89.1500015258789,90.54000091552734,1353500
2018-03-14,69.60521697998047,88.52999877929688,90.0,87.58000183105469,89.7300033569336,2079300
2018-03-15,69.30645751953125,88.1500015258789,88.63999938964844,87.30000305175781,88.37999725341797,1707200
2018-03-16,68.98409271240234,87.73999786376953,88.70999908447266,87.41999816894531,88.22000122070312,1928200
2018-03-19,67.96986389160156,86.44999694824219,87.29000091552734,85.98999786376953,87.11000061035156,1536400
2018-03-20,67.38019561767578,85.69999694824219,86.86000061035156,85.33000183105469,86.5199966430664,1636300
2018-03-21,68.0877914428711,86.5999984741211,87.16000366210938,85.41999816894531,85.9800033569336,1689200
2018-03-22,66.5625,84.66000366210938,86.05999755859375,84.51000213623047,85.93000030517578,1957400
2018-03-23,66.2165756225586,84.22000122070312,85.94000244140625,84.05999755859375,85.25,1586600
2018-03-26,66.89271545410156,85.08000183105469,85.18000030517578,83.94999694824219,84.81999969482422,754800
2018-03-27,66.09862518310547,84.06999969482422,86.0,83.55999755859375,85.55999755859375,908700
2018-03-28,65.90206909179688,83.81999969482422,85.27999877929688,83.66000366210938,84.30999755859375,1052100
2018-03-29,66.27946472167969,84.30000305175781,84.86000061035156,83.95999908447266,83.95999908447266,1084300
2018-04-02,65.8470458984375,83.75,84.87000274658203,83.4000015258789,83.97000122070312,1454500
2018-04-03,66.2401351928711,84.25,84.66000366210938,83.61000061035156,84.2300033569336,1057700
2018-04-04,66.9634780883789,85.16999816894531,85.41000366210938,83.44000244140625,83.75,830600
2018-04-05,67.14432525634766,85.4000015258789,86.29000091552734,85.30999755859375,85.83000183105469,685600
2018-04-06,66.38167572021484,84.43000030517578,85.58999633789062,83.87999725341797,84.56999969482422,1024100
2018-04-09,66.39737701416016,84.44999694824219,86.0999984741211,84.3499984741211,84.9800033569336,984000
2018-04-10,67.68682861328125,86.08999633789062,86.33999633789062,84.93000030517578,85.48999786376953,1075700
2018-04-11,68.66175079345703,87.33000183105469,87.91999816894531,85.41999816894531,85.41999816894531,1094500
2018-04-12,68.26860809326172,86.83000183105469,87.70999908447266,86.36000061035156,87.41000366210938,975300
2018-04-13,68.99982452392578,87.76000213623047,87.91999816894531,86.62000274658203,87.02999877929688,1157500
2018-04-16,69.21998596191406,88.04000091552734,88.68000030517578,87.88999938964844,88.43000030517578,1140800
2018-04-17,67.66321563720703,86.05999755859375,89.05999755859375,86.0,88.83999633789062,1461800
2018-04-18,67.2150650024414,85.48999786376953,86.37999725341797,85.2300033569336,86.37999725341797,2302800
2018-04-19,66.03575897216797,83.98999786376953,85.73999786376953,83.44999694824219,85.45999908447266,2693500
2018-04-20,65.10797119140625,82.80999755859375,85.6500015258789,82.44999694824219,84.44000244140625,2775000
2018-04-23,67.71041107177734,86.12000274658203,86.87999725341797,79.0,79.25,9536700
2018-04-24,67.82050323486328,86.26000213623047,87.61000061035156,85.5999984741211,87.19000244140625,3022900
2018-04-25,68.37870788574219,86.97000122070312,87.33999633789062,85.91999816894531,86.41999816894531,1791900
2018-04-26,67.46668243408203,85.80999755859375,87.5999984741211,84.47000122070312,87.08999633789062,2443100
2018-04-27,68.6853256225586,87.36000061035156,88.4800033569336,86.0,86.05999755859375,1726900
2018-04-30,69.76237487792969,88.08999633789062,88.73999786376953,86.80000305175781,87.0,1468100
2018-05-01,69.2080307006836,87.38999938964844,88.08000183105469,85.66999816894531,88.0,2201600
2018-05-02,68.60614013671875,86.62999725341797,87.37999725341797,85.73999786376953,85.73999786376953,1173800
2018-05-03,68.19434356689453,86.11000061035156,86.73999786376953,85.30999755859375,86.41000366210938,1300600
2018-05-04,68.79621887207031,86.87000274658203,87.12999725341797,85.61000061035156,85.70999908447266,895800
2018-05-07,69.7148666381836,88.02999877929688,88.27999877929688,86.30999755859375,86.83000183105469,1383100
2018-05-08,69.13673400878906,87.30000305175781,89.16000366210938,86.7699966430664,87.68000030517578,1133200
2018-05-09,68.64573669433594,86.68000030517578,87.11000061035156,85.87000274658203,87.02999877929688,1041500
2018-05-10,68.87541198730469,86.97000122070312,87.73999786376953,86.45999908447266,87.13999938964844,630400
2018-05-11,69.09716033935547,87.25,87.97000122070312,86.75,87.23999786376953,883400
2018-05-14,68.60614013671875,86.62999725341797,87.41000366210938,86.3499984741211,87.25,790000
2018-05-15,69.0337905883789,87.16999816894531,87.55000305175781,86.2699966430664,86.2699966430664,759200
2018-05-16,69.91283416748047,88.27999877929688,88.44999694824219,87.19999694824219,87.36000061035156,766900
2018-05-17,70.22171020507812,88.66999816894531,89.20999908447266,88.04000091552734,88.08999633789062,812000
2018-05-18,70.25340270996094,88.70999908447266,89.05000305175781,88.16999816894531,88.58000183105469,873800
2018-05-21,69.19219207763672,87.37000274658203,88.8499984741211,87.06999969482422,88.8499984741211,750400
2018-05-22,69.34263610839844,87.55999755859375,88.55000305175781,87.45999908447266,87.45999908447266,633500
2018-05-23,69.4852066040039,87.73999786376953,87.87000274658203,87.1500015258789,87.30000305175781,460000
2018-05-24,69.5168685913086,87.77999877929688,88.0999984741211,87.11000061035156,87.76000213623047,465900
2018-05-25,69.40599822998047,87.63999938964844,88.44000244140625,87.5,88.0,633600
2018-05-29,68.88333129882812,86.9800033569336,87.5,86.37999725341797,87.37999725341797,1031600
2018-05-30,68.74868774414062,86.80999755859375,87.30000305175781,86.69000244140625,87.19999694824219,699500
2018-05-31,68.701171875,86.75,87.22000122070312,86.41000366210938,86.95999908447266,1195900
2018-06-01,68.9704360961914,87.08999633789062,87.62000274658203,86.27999877929688,87.22000122070312,994700
2018-06-04,70.20586395263672,88.6500015258789,88.69000244140625,87.23999786376953,87.33999633789062,745100
2018-06-05,68.94667053222656,87.05999755859375,88.62999725341797,86.94000244140625,88.43000030517578,1135000
2018-06-06,70.03165435791016,88.43000030517578,88.44000244140625,86.75,87.18000030517578,941100
2018-06-07,70.33255767822266,88.80999755859375,89.69000244140625,88.25,88.44999694824219,656300
2018-06-08,71.53631591796875,90.33000183105467,90.5,88.81999969482422,88.81999969482422,648500
2018-06-11,71.61554718017578,90.43000030517578,90.87999725341795,90.05000305175781,90.37000274658205,443600
2018-06-12,72.23323822021484,91.20999908447266,91.26000213623048,90.16999816894533,90.56999969482422,837300
2018-06-13,71.86895751953125,90.75,91.5500030517578,90.41000366210938,91.02999877929688,1052000
2018-06-14,72.55003356933594,91.61000061035156,92.0199966430664,90.9000015258789,91.08000183105467,1264300
2018-06-15,72.28868865966797,91.27999877929688,91.62000274658205,90.33000183105467,91.62000274658205,1863800
2018-06-18,72.15406036376953,91.11000061035156,91.91000366210938,90.43000030517578,91.5,1150700
2018-06-19,71.27500915527344,90.0,90.41000366210938,88.1500015258789,90.29000091552734,1716300
2018-06-20,72.30452728271484,91.3000030517578,91.56999969482422,89.26000213623047,90.41999816894533,976300
2018-06-21,72.54210662841797,91.5999984741211,91.87999725341795,90.5999984741211,91.36000061035156,873100
2018-06-22,72.60545349121094,91.68000030517578,92.22000122070312,91.26000213623048,91.83999633789062,980900
2018-06-25,72.08277130126953,91.0199966430664,91.5199966430664,90.19000244140624,91.19000244140624,862800
2018-06-26,72.02732849121094,90.9499969482422,91.5999984741211,90.5999984741211,91.3000030517578,654100
2018-06-27,72.0194320678711,90.94000244140624,91.4499969482422,90.44000244140624,91.22000122070312,1320300
2018-06-28,72.8668212890625,92.01000213623048,92.0199966430664,90.95999908447266,91.0500030517578,1393300
2018-06-29,73.1043701171875,92.30999755859376,93.0,91.68000030517578,92.98999786376952,1786000
2018-07-02,73.66667175292969,93.0199966430664,93.0500030517578,91.6999969482422,91.75,2397800
2018-07-03,73.77754211425781,93.16000366210938,93.33999633789062,92.61000061035156,92.87000274658205,1121900
2018-07-05,75.48021697998047,95.30999755859376,95.37999725341795,93.16000366210938,93.16000366210938,1930800
2018-07-06,76.06625366210938,96.0500030517578,96.26000213623048,95.44000244140624,95.7699966430664,1141700
2018-07-09,76.6126937866211,96.73999786376952,97.04000091552734,95.77999877929688,96.19000244140624,985100
2018-07-10,76.4939193725586,96.58999633789062,97.37999725341795,96.47000122070312,96.77999877929688,1052600
2018-07-11,76.60478973388672,96.7300033569336,97.13999938964844,95.95999908447266,95.95999908447266,807000
2018-07-12,77.13539123535156,97.4000015258789,97.54000091552734,96.9499969482422,97.11000061035156,794500
2018-07-13,76.4384536743164,96.5199966430664,97.52999877929688,96.01000213623048,97.18000030517578,675600
2018-07-16,74.71994018554688,94.3499984741211,95.13999938964844,93.66999816894533,94.4499969482422,2469600
2018-07-17,74.4585952758789,94.0199966430664,94.51000213623048,93.47000122070312,93.98999786376952,1669500
2018-07-18,74.15766906738281,93.63999938964844,94.3499984741211,93.1500015258789,93.9499969482422,823200
2018-07-19,74.197265625,93.69000244140624,94.0999984741211,92.45999908447266,93.62999725341795,1243300
2018-07-20,74.38733673095703,93.93000030517578,94.0500030517578,92.56999969482422,93.38999938964844,1617000
2018-07-23,83.977783203125,106.04000091552734,107.58000183105467,100.08000183105467,104.77999877929688,9757400
2018-07-24,80.07350158691406,101.11000061035156,105.97000122070312,100.43000030517578,105.19000244140624,3966600
2018-07-25,80.51697540283203,101.66999816894533,102.05999755859376,100.55999755859376,101.01000213623048,1476300
2018-07-26,79.87553405761719,100.86000061035156,101.91999816894533,99.83999633789062,100.5500030517578,1749700
2018-07-27,80.23189544677734,101.30999755859376,101.5500030517578,99.6999969482422,100.94000244140624,1526800
2018-07-30,78.56085968017578,99.1999969482422,101.18000030517578,99.01000213623048,100.86000061035156,1064200
2018-07-31,79.38977813720703,99.61000061035156,99.93000030517578,96.16999816894533,98.7699966430664,1389700
2018-08-01,78.76016235351562,98.81999969482422,99.37999725341795,97.97000122070312,99.37999725341795,785000
2018-08-02,78.63262939453125,98.66000366210938,99.91999816894533,98.2699966430664,98.80999755859376,995600
2018-08-03,79.32601928710938,99.52999877929688,100.5,98.3000030517578,99.0,793500
2018-08-06,79.07096099853516,99.20999908447266,99.6999969482422,98.75,99.3499984741211,837300
2018-08-07,78.8717041015625,98.95999908447266,99.58000183105467,98.6500015258789,99.41000366210938,466400
2018-08-08,77.85155487060547,97.68000030517578,99.44000244140624,97.31999969482422,99.4000015258789,681100
2018-08-09,78.3696060180664,98.33000183105467,98.68000030517578,97.23999786376952,97.6999969482422,595800
2018-08-10,77.963134765625,97.81999969482422,98.37999725341795,97.22000122070312,97.7699966430664,621700
2018-08-13,78.05876159667969,97.94000244140624,98.36000061035156,97.4000015258789,98.36000061035156,492700
2018-08-14,78.21019744873047,98.12999725341795,98.72000122070312,97.9000015258789,98.0199966430664,548300
2018-08-15,78.67247009277344,98.70999908447266,98.88999938964844,97.38999938964844,97.9000015258789,705000
2018-08-16,78.29788208007812,98.23999786376952,98.76000213623048,97.63999938964844,98.70999908447266,669100
2018-08-17,78.52900695800781,98.52999877929688,99.12999725341795,98.12000274658205,98.30999755859376,930100
2018-08-20,79.42163848876953,99.6500015258789,99.93000030517578,98.4499969482422,98.79000091552734,719800
2018-08-21,79.80421447753906,100.12999725341795,101.41999816894533,99.6500015258789,99.66000366210938,1042700
2018-08-22,80.09113311767578,100.48999786376952,100.77999877929688,99.4499969482422,99.83000183105467,504200
2018-08-23,79.64481353759766,99.93000030517578,100.81999969482422,99.4800033569336,100.48999786376952,492600
2018-08-24,80.4896240234375,100.98999786376952,101.2300033569336,99.73999786376952,100.30999755859376,563000
2018-08-27,81.0634765625,101.70999908447266,102.0199966430664,101.20999908447266,101.4000015258789,679000
2018-08-28,81.175048828125,101.8499984741211,102.5199966430664,101.4800033569336,101.4800033569336,736300
2018-08-29,80.3541488647461,100.81999969482422,101.66000366210938,99.6500015258789,100.83000183105467,611500
2018-08-30,79.53324127197266,99.79000091552734,101.2699966430664,99.6999969482422,100.88999938964844,532400
2018-08-31,79.15067291259766,99.30999755859376,100.68000030517578,98.06999969482422,100.11000061035156,973900
2018-09-04,79.13471221923828,99.29000091552734,99.51000213623048,98.6500015258789,98.75,1108600
2018-09-05,79.7723388671875,100.08999633789062,100.5500030517578,99.25,99.25,1243400
2018-09-06,80.52153015136719,101.02999877929688,101.61000061035156,100.23999786376952,100.23999786376952,899500
2018-09-07,80.49761962890625,101.0,101.25,100.25,100.79000091552734,824300
2018-09-10,82.00394439697266,102.88999938964844,103.04000091552734,101.27999877929688,101.27999877929688,1071100
2018-09-11,80.95191192626953,101.56999969482422,103.41999816894533,101.22000122070312,102.66000366210938,604100
2018-09-12,81.99598693847656,102.87999725341795,103.43000030517578,101.20999908447266,101.38999938964844,851300
2018-09-13,82.36260223388672,103.33999633789062,103.8000030517578,102.55999755859376,103.0,595600
2018-09-14,84.1558609008789,105.58999633789062,105.93000030517578,104.16000366210938,104.37999725341795,1224500
2018-09-17,84.33118438720703,105.80999755859376,106.37000274658205,105.27999877929688,105.33999633789062,1272700
2018-09-18,85.77379608154297,107.62000274658205,107.72000122070312,105.51000213623048,105.80999755859376,1542200
2018-09-19,86.86569213867188,108.98999786376952,109.5999984741211,107.26000213623048,107.8000030517578,1865200
2018-09-20,85.2876205444336,107.01000213623048,109.20999908447266,106.86000061035156,108.91999816894533,1071200
2018-09-21,85.64624786376953,107.45999908447266,107.83999633789062,106.79000091552734,107.43000030517578,1875900
2018-09-24,84.6500015258789,106.20999908447266,107.3000030517578,105.4000015258789,107.0999984741211,827600
2018-09-25,84.13195037841797,105.55999755859376,107.47000122070312,105.45999908447266,106.3499984741211,1005100
2018-09-26,84.7934799194336,106.38999938964844,107.37999725341795,105.3499984741211,105.4000015258789,737400
2018-09-27,84.4666976928711,105.9800033569336,107.16000366210938,105.91000366210938,106.41999816894533,688000
2018-09-28,83.7812728881836,105.12000274658205,106.6999969482422,104.8499984741211,105.91999816894533,1253500
2018-10-01,84.23555755615234,105.69000244140624,107.56999969482422,105.01000213623048,106.11000061035156,1447000
2018-10-02,83.79723358154297,105.13999938964844,107.55999755859376,104.91000366210938,107.55999755859376,972800
2018-10-03,82.51402282714844,103.52999877929688,105.55999755859376,102.9499969482422,105.3499984741211,1248100
2018-10-04,80.84828186035156,101.44000244140624,103.9800033569336,100.68000030517578,103.41000366210938,1383600
2018-10-05,81.0076904296875,101.63999938964844,103.9000015258789,100.5500030517578,102.45999908447266,1010900
2018-10-08,80.29835510253906,100.75,101.73999786376952,100.3000030517578,101.4499969482422,871100
2018-10-09,80.25850677490234,100.6999969482422,101.58999633789062,100.16999816894533,100.5500030517578,621400
2018-10-10,78.4014663696289,98.37000274658205,100.54000091552734,98.33999633789062,100.54000091552734,1584800
2018-10-11,77.95514678955078,97.80999755859376,99.55999755859376,97.66000366210938,98.02999877929688,1240700
2018-10-12,78.35366821289062,98.30999755859376,99.7300033569336,96.87000274658205,98.54000091552734,945200
2018-10-15,78.7521743774414,98.80999755859376,99.12000274658205,97.30999755859376,97.88999938964844,846100
2018-10-16,81.2228775024414,101.91000366210938,102.06999969482422,98.95999908447266,99.41000366210938,1004900
2018-10-17,80.40995025634766,100.88999938964844,101.91000366210938,100.0999984741211,101.51000213623048,659600
2018-10-18,78.49712371826172,98.48999786376952,100.69000244140624,97.97000122070312,100.12999725341795,1024800
2018-10-19,78.13847351074219,98.04000091552734,100.19000244140624,95.69000244140624,99.12000274658205,3348500
2018-10-22,75.72352600097656,95.01000213623048,95.75,90.2699966430664,90.44000244140624,7593800
2018-10-23,74.96636962890625,94.05999755859376,94.29000091552734,90.5,93.5,3557100
2018-10-24,73.36441040039062,92.0500030517578,94.33000183105467,91.9800033569336,93.58999633789062,1862500
2018-10-25,74.52005767822266,93.5,93.83000183105467,91.94000244140624,92.29000091552734,1417000
2018-10-26,73.89042663574219,92.70999908447266,94.08999633789062,91.0,91.44000244140624,1544100
2018-10-29,73.34847259521484,92.02999877929688,94.33000183105467,91.2699966430664,93.66000366210938,1373000
2018-10-30,73.19703674316406,91.83999633789062,93.5,91.25,92.0999984741211,1344000
2018-10-31,73.59829711914062,91.70999908447266,93.20999908447266,89.88999938964844,91.86000061035156,2712800
2018-11-01,78.28495788574219,97.5500030517578,97.56999969482422,92.0500030517578,92.0500030517578,2048100
2018-11-02,78.87882232666016,98.29000091552734,99.37000274658205,97.2300033569336,97.87000274658205,1468200
2018-11-05,78.54176330566406,97.87000274658205,99.0,96.83000183105467,98.30999755859376,1185500
2018-11-06,79.3121566772461,98.83000183105467,98.94000244140624,97.5199966430664,97.5199966430664,662100
2018-11-07,80.57211303710938,100.4000015258789,100.8499984741211,98.8000030517578,98.94000244140624,973100
2018-11-08,78.96709442138672,98.4000015258789,100.81999969482422,98.25,100.1500015258789,1044700
2018-11-09,78.10037994384766,97.31999969482422,98.93000030517578,96.6999969482422,98.20999908447266,1109700
2018-11-12,76.76822662353516,95.66000366210938,97.19000244140624,95.58000183105467,97.08999633789062,845800
2018-11-13,76.68795013427734,95.55999755859376,97.25,95.30999755859376,96.0,674500
2018-11-14,77.59480285644531,96.69000244140624,97.9000015258789,95.7699966430664,96.20999908447266,854600
2018-11-15,78.29298400878906,97.55999755859376,98.08999633789062,95.16999816894533,95.93000030517578,1109700
2018-11-16,78.41337585449219,97.70999908447266,97.98999786376952,96.68000030517578,97.0,1201100
2018-11-19,76.15027618408203,94.88999938964844,98.04000091552734,94.51000213623048,97.75,1274100
2018-11-20,75.40394592285156,93.95999908447266,95.04000091552734,93.4800033569336,94.31999969482422,1048500
2018-11-21,75.59654235839844,94.1999969482422,95.4499969482422,93.93000030517578,94.36000061035156,662800
2018-11-23,77.06510925292969,96.02999877929688,96.5500030517578,93.6500015258789,93.68000030517578,375600
2018-11-26,78.26889038085938,97.52999877929688,98.27999877929688,96.51000213623048,97.11000061035156,1346100
2018-11-27,76.72006225585938,95.5999984741211,97.4499969482422,94.62000274658205,96.98999786376952,948800
2018-11-28,77.42626190185547,96.4800033569336,96.9499969482422,95.36000061035156,95.8000030517578,881700
2018-11-29,77.72321319580078,96.8499984741211,97.44000244140624,95.41999816894533,95.95999908447266,777100
2018-11-30,73.02851104736328,91.0,97.4499969482422,90.97000122070312,96.9800033569336,3746900
2018-12-03,72.12167358398438,89.87000274658203,91.51000213623048,88.5999984741211,91.47000122070312,4109000
2018-12-04,70.95002746582031,88.41000366210938,90.23999786376952,87.94999694824219,89.54000091552734,1668500
2018-12-06,70.2116928100586,87.48999786376953,87.83000183105469,85.37000274658203,87.3499984741211,2250900
2018-12-07,67.35475158691406,83.93000030517578,87.9800033569336,83.29000091552734,86.66999816894531,1589900
2018-12-10,67.4109115600586,84.0,84.12000274658203,81.80999755859375,83.58000183105469,1349800
2018-12-11,67.29859161376953,83.86000061035156,85.93000030517578,83.48999786376953,85.05000305175781,1096700
2018-12-12,68.07701110839844,84.83000183105469,85.69999694824219,84.52999877929688,85.0,869500
2018-12-13,67.21833801269531,83.76000213623047,85.37999725341797,83.56999969482422,84.80999755859375,1058700
2018-12-14,67.45909118652344,84.05999755859375,84.86000061035156,82.51000213623047,83.0199966430664,1172400
2018-12-17,67.08190155029297,83.58999633789062,85.44999694824219,82.86000061035156,83.83000183105469,1713700
2018-12-18,66.04666137695312,82.30000305175781,84.13999938964844,81.81999969482422,83.87999725341797,1294200
2018-12-19,64.60213470458984,80.5,82.7300033569336,79.20999908447266,82.23999786376953,1768800
2018-12-20,63.47059631347656,79.08999633789062,80.7699966430664,78.01000213623047,80.08000183105469,1413700
2018-12-21,62.68413543701172,78.11000061035156,81.0999984741211,77.79000091552734,79.30000305175781,1983900
2018-12-24,62.61193084716797,78.0199966430664,78.98999786376953,76.83999633789062,78.19999694824219,630300
2018-12-26,65.0595703125,81.06999969482422,81.13999938964844,78.18000030517578,78.83999633789062,992800
2018-12-27,65.31639862060547,81.38999938964844,81.44000244140625,78.37999725341797,79.66999816894531,843300
2018-12-28,65.10771942138672,81.12999725341797,82.18000030517578,80.76000213623047,81.44999694824219,750200
2018-12-31,65.20402526855469,81.25,81.62999725341797,80.13999938964844,81.29000091552734,1147100
2019-01-02,64.1848373413086,79.9800033569336,81.05000305175781,79.26000213623047,79.88999938964844,1759000
2019-01-03,62.515625,77.9000015258789,80.08000183105469,77.33999633789062,79.58000183105469,1472700
2019-01-04,64.8348617553711,80.79000091552734,82.30999755859375,78.08999633789062,79.25,2072400
2019-01-07,66.84114074707031,83.29000091552734,83.87000274658203,80.30000305175781,80.75,1951600
2019-01-08,68.54248809814453,85.41000366210938,85.81999969482422,84.16000366210938,84.16000366210938,1888100
2019-01-09,68.349853515625,85.16999816894531,86.33999633789062,83.62999725341797,85.41000366210938,942500
2019-01-10,68.4140853881836,85.25,85.55000305175781,83.77999877929688,84.5,972900
2019-01-11,69.75425720214844,86.91999816894531,86.97000122070312,84.9000015258789,85.08000183105469,873100
2019-01-14,69.40919494628906,86.48999786376953,87.75,85.80000305175781,86.6500015258789,996400
2019-01-15,70.42034149169922,87.75,87.80999755859375,86.0,86.3499984741211,802200
2019-01-16,69.88265991210938,87.08000183105469,87.9000015258789,86.69000244140625,87.66000366210938,759400
2019-01-17,70.93395233154297,88.38999938964844,88.6500015258789,86.83999633789062,86.91999816894531,890000
2019-01-18,71.3031234741211,88.8499984741211,89.19000244140625,87.94000244140625,88.69999694824219,1030200
2019-01-22,71.47162628173828,89.05999755859375,89.30000305175781,87.33999633789062,88.66000366210938,856500
2019-01-23,70.78147888183594,88.19999694824219,89.29000091552734,87.83999633789062,89.13999938964844,1092500
2019-01-24,71.7445068359375,89.4000015258789,89.55000305175781,87.79000091552734,88.26000213623047,814300
2019-01-25,72.330322265625,90.12999725341795,90.48999786376952,89.33000183105469,89.95999908447266,932600
2019-01-28,72.81183624267578,90.7300033569336,90.87999725341795,89.11000061035156,89.11000061035156,665900
2019-01-29,72.73157501220703,90.62999725341795,90.91999816894533,89.95999908447266,90.6999969482422,885800
2019-01-30,73.06864166259766,91.0500030517578,91.54000091552734,90.04000091552734,90.9800033569336,747500
2019-01-31,73.18175506591797,90.55999755859376,91.37999725341795,89.3499984741211,90.54000091552734,969800
2019-02-01,73.35955810546875,90.77999877929688,91.01000213623048,89.66000366210938,90.54000091552734,1454200
2019-02-04,73.8201675415039,91.3499984741211,91.80999755859376,90.33999633789062,90.58000183105467,1122300
2019-02-05,73.94139099121094,91.5,91.9800033569336,90.94000244140624,91.58000183105467,1039600
2019-02-06,73.53733825683594,91.0,91.47000122070312,90.45999908447266,91.41999816894533,1143100
2019-02-07,72.93125915527344,90.25,90.62999725341795,88.88999938964844,90.5999984741211,2076500
2019-02-08,72.23626708984375,89.38999938964844,93.19000244140624,85.55000305175781,89.66000366210938,6386300
2019-02-11,71.82416534423828,88.87999725341797,90.68000030517578,88.25,90.48999786376952,1702100
2019-02-12,72.3817367553711,89.56999969482422,90.62999725341795,89.13999938964844,89.37999725341797,1413000
2019-02-13,72.70500183105469,89.97000122070312,90.2699966430664,88.75,89.55999755859375,1346400
2019-02-14,72.52721405029297,89.75,90.06999969482422,88.86000061035156,89.63999938964844,863000
2019-02-15,69.820068359375,86.4000015258789,90.23999786376952,83.52999877929688,90.23999786376952,4487900
2019-02-19,70.6766586303711,87.45999908447266,87.5,85.80999755859375,86.44999694824219,1550300
2019-02-20,70.24024963378906,86.91999816894531,87.55999755859375,86.16999816894531,87.55999755859375,1307200
2019-02-21,69.73118591308594,86.29000091552734,86.94999694824219,86.08999633789062,86.6500015258789,960400
2019-02-22,69.49681854248047,86.0,86.58000183105469,85.68000030517578,86.33000183105469,1745900
2019-02-25,69.63419342041016,86.16999816894531,86.88999938964844,85.62000274658203,86.51000213623047,959300
2019-02-26,68.39779663085938,84.63999938964844,86.30000305175781,84.58999633789062,85.91000366210938,906200
2019-02-27,68.26850128173828,84.4800033569336,85.08999633789062,84.1500015258789,84.1500015258789,1408300
2019-02-28,68.60791015625,84.9000015258789,85.12000274658203,82.87999725341797,84.30000305175781,2428600
2019-03-01,71.12918090820312,88.0199966430664,88.23999786376953,85.69999694824219,85.79000091552734,1880700
2019-03-04,71.64636993408203,88.66000366210938,90.04000091552734,87.80999755859375,88.62999725341797,1375100
2019-03-05,71.52516174316406,88.51000213623047,89.36000061035156,88.44000244140625,88.9000015258789,711600
2019-03-06,71.18576049804688,88.08999633789062,89.02999877929688,87.95999908447266,88.41999816894531,662700
2019-03-07,70.0625,86.69999694824219,87.80000305175781,86.2300033569336,87.73999786376953,1230300
2019-03-08,70.34532928466797,87.05000305175781,87.27999877929688,85.95999908447266,86.37999725341797,808400
2019-03-11,70.36957550048828,87.08000183105469,87.47000122070312,86.80999755859375,87.22000122070312,979900
2019-03-12,70.02207946777344,86.6500015258789,87.33000183105469,86.06999969482422,87.0,1181400
2019-03-13,70.16754150390625,86.83000183105469,87.51000213623047,86.61000061035156,86.83000183105469,1016500
2019-03-14,69.90896606445312,86.51000213623047,87.33999633789062,86.44999694824219,86.94999694824219,625000
2019-03-15,70.07865905761719,86.72000122070312,87.26000213623047,86.4000015258789,86.62000274658203,1393900
2019-03-18,70.3857421875,87.0999984741211,87.5999984741211,86.3499984741211,86.80999755859375,694800
2019-03-19,70.24835968017578,86.93000030517578,88.13999938964844,86.5999984741211,87.16999816894531,566900
2019-03-20,69.3432846069336,85.80999755859375,87.33999633789062,85.51000213623047,86.68000030517578,617500
2019-03-21,68.66448974609375,84.97000122070312,85.33000183105469,84.29000091552734,85.18000030517578,942900
2019-03-22,67.48464965820312,83.51000213623047,85.0,82.87000274658203,84.81999969482422,1100600
2019-03-25,67.8482894897461,83.95999908447266,84.1500015258789,83.04000091552734,83.29000091552734,653300
2019-03-26,68.43013000488281,84.68000030517578,84.88999938964844,83.97000122070312,84.44000244140625,622400
2019-03-27,68.58364868164062,84.87000274658203,85.43000030517578,84.0,84.72000122070312,801700
2019-03-28,69.14125061035156,85.55999755859375,85.75,84.9800033569336,85.05000305175781,778400
2019-03-29,68.70486450195312,85.0199966430664,85.88999938964844,84.95999908447266,85.81999969482422,1204400
2019-04-01,69.23823547363281,85.68000030517578,85.86000061035156,85.0199966430664,85.45999908447266,925700
2019-04-02,68.78569793701172,85.12000274658203,85.73999786376953,84.95999908447266,85.56999969482422,569300
2019-04-03,68.89884185791016,85.26000213623047,86.04000091552734,84.61000061035156,85.41000366210938,745500
2019-04-04,69.52104187011719,86.02999877929688,86.36000061035156,85.0,85.2300033569336,1303800
2019-04-05,69.94937896728516,86.55999755859375,86.66999816894531,86.08000183105469,86.25,589900
2019-04-08,69.92511749267578,86.52999877929688,86.66000366210938,86.04000091552734,86.2699966430664,541100
2019-04-09,68.80995178222656,85.1500015258789,86.37000274658203,84.75,86.37000274658203,1356600
2019-04-10,69.17359161376953,85.5999984741211,85.83000183105469,84.80999755859375,85.16000366210938,568900
2019-04-11,69.37561798095703,85.8499984741211,86.2699966430664,85.36000061035156,85.88999938964844,528000
2019-04-12,70.76553344726562,87.56999969482422,87.62000274658203,86.04000091552734,86.13999938964844,953600
2019-04-15,71.0403060913086,87.91000366210938,88.04000091552734,87.4800033569336,87.58000183105469,719600
2019-04-16,72.47064971923828,89.68000030517578,89.70999908447266,88.08000183105469,88.08999633789062,1011800
2019-04-17,72.87468719482422,90.18000030517578,90.56999969482422,87.19999694824219,89.58000183105469,1037100
2019-04-18,71.74335479736328,88.77999877929688,90.37999725341795,88.52999877929688,90.37999725341795,1172900
2019-04-22,71.20191955566406,88.11000061035156,89.30000305175781,87.91999816894531,88.41999816894531,966300
2019-04-23,81.33552551269531,100.6500015258789,102.87000274658205,99.02999877929688,100.3000030517578,7378300
2019-04-24,83.38003540039062,103.18000030517578,103.5199966430664,100.5500030517578,100.98999786376952,3572200
2019-04-25,82.00624084472656,101.4800033569336,102.9800033569336,98.98999786376952,99.83999633789062,1552500
2019-04-26,82.90324401855469,102.58999633789062,103.33999633789062,101.87000274658205,102.0,1176600
2019-04-29,82.20021057128906,101.72000122070312,103.5999984741211,100.69000244140624,102.62000274658205,1686100
2019-04-30,82.8672866821289,101.86000061035156,101.9000015258789,100.62000274658205,101.29000091552734,1026200
2019-05-01,83.05440521240234,102.08999633789062,103.1500015258789,101.83999633789062,101.9000015258789,993800
2019-05-02,84.24217987060547,103.5500030517578,103.66999816894533,101.9800033569336,102.02999877929688,1565500
2019-05-03,85.21843719482422,104.75,105.0,102.33999633789062,104.0,1177300
2019-05-06,84.35608673095703,103.69000244140624,104.36000061035156,101.77999877929688,102.94000244140624,1439700
2019-05-07,82.32222747802734,101.19000244140624,103.73999786376952,101.0199966430664,102.9499969482422,1373000
2019-05-08,82.01309967041016,100.80999755859376,101.83999633789062,100.25,100.9000015258789,684500
2019-05-09,81.72833251953125,100.45999908447266,100.69000244140624,98.95999908447266,100.29000091552734,878700
2019-05-10,81.91545867919922,100.69000244140624,101.04000091552734,98.5,100.16999816894533,748900
2019-05-13,78.07554626464844,95.97000122070312,98.5199966430664,95.73999786376952,98.5199966430664,1364500
2019-05-14,78.72637939453125,96.7699966430664,98.0999984741211,96.01000213623048,96.44000244140624,752900
2019-05-15,79.23889923095703,97.4000015258789,98.36000061035156,96.22000122070312,96.75,982400
2019-05-16,79.95482635498047,98.27999877929688,98.5,97.0999984741211,97.51000213623048,850000
2019-05-17,79.0355224609375,97.1500015258789,98.88999938964844,96.79000091552734,97.83999633789062,1274400
2019-05-20,78.21383666992188,96.13999938964844,96.6500015258789,95.52999877929688,96.38999938964844,896600
2019-05-21,78.921630859375,97.01000213623048,97.38999938964844,95.86000061035156,96.23999786376952,645500
2019-05-22,80.59751892089844,99.06999969482422,99.37000274658205,96.6999969482422,96.77999877929688,1324300
2019-05-23,79.6700668334961,97.93000030517578,99.01000213623048,97.41000366210938,98.18000030517578,1476800
2019-05-24,79.98735046386719,98.31999969482422,99.43000030517578,97.91999816894533,98.20999908447266,532800
2019-05-28,79.6131362915039,97.86000061035156,99.2699966430664,97.81999969482422,98.73999786376952,779100
2019-05-29,79.02738189697266,97.13999938964844,97.7300033569336,96.51000213623048,97.3000030517578,669000
2019-05-30,79.74330139160156,98.0199966430664,98.63999938964844,96.8499984741211,97.38999938964844,506300
2019-05-31,77.40030670166016,95.13999938964844,97.20999908447266,95.0999984741211,96.45999908447266,848700
2019-06-03,78.97044372558594,97.06999969482422,97.72000122070312,94.58000183105467,95.20999908447266,886300
2019-06-04,83.8272476196289,103.04000091552734,103.16999816894533,98.81999969482422,99.08000183105467,1407700
2019-06-05,84.193359375,103.48999786376952,104.22000122070312,101.97000122070312,103.3499984741211,699300
2019-06-06,84.98249053955078,104.45999908447266,104.91999816894533,102.9800033569336,103.36000061035156,708800
2019-06-07,86.1702880859375,105.91999816894533,106.25,104.26000213623048,104.98999786376952,736400
2019-06-10,86.0238265991211,105.73999786376952,108.0,105.23999786376952,106.20999908447266,1075100
2019-06-11,85.97501373291016,105.68000030517578,107.62000274658205,105.54000091552734,106.55999755859376,1222900
2019-06-12,86.84551239013672,106.75,106.80999755859376,105.54000091552734,105.83999633789062,628100
2019-06-13,87.47193145751953,107.5199966430664,107.95999908447266,106.79000091552734,107.11000061035156,951300
2019-06-14,87.42313385009766,107.45999908447266,107.70999908447266,106.87000274658205,107.12999725341795,556800
2019-06-17,86.71533966064453,106.58999633789062,107.80999755859376,106.30999755859376,107.80999755859376,672400
2019-06-18,87.76482391357422,107.87999725341795,108.58000183105467,106.5500030517578,108.0,498200
2019-06-19,87.3173599243164,107.33000183105467,108.2300033569336,106.05999755859376,107.88999938964844,693400
2019-06-20,87.78108978271484,107.9000015258789,108.86000061035156,107.37999725341795,108.63999938964844,672600
2019-06-21,87.2685546875,107.2699966430664,108.12000274658205,106.52999877929688,107.93000030517578,1043000
2019-06-24,86.55264282226562,106.38999938964844,108.12000274658205,106.26000213623048,107.73999786376952,571600
2019-06-25,85.51943969726562,105.12000274658205,106.5,104.77999877929688,106.1500015258789,1428700
2019-06-26,85.75537872314453,105.41000366210938,107.16999816894533,105.29000091552734,105.48999786376952,638700
2019-06-27,86.1702880859375,105.91999816894533,106.97000122070312,105.41000366210938,105.76000213623048,453700
2019-06-28,85.97501373291016,105.68000030517578,107.13999938964844,105.36000061035156,106.02999877929688,1782300
2019-07-01,86.5770263671875,106.41999816894533,107.9000015258789,105.91000366210938,106.6999969482422,932900
2019-07-02,85.16961669921875,104.69000244140624,106.62000274658205,104.47000122070312,106.37000274658205,683600
2019-07-03,86.55264282226562,106.38999938964844,107.0999984741211,104.91000366210938,104.91000366210938,788100
2019-07-05,86.98380279541016,106.91999816894533,107.08000183105467,105.68000030517578,105.83000183105467,720700
2019-07-08,88.00074005126953,108.16999816894533,108.41000366210938,106.33000183105467,106.33000183105467,900100
2019-07-09,88.04142761230469,108.22000122070312,108.72000122070312,106.61000061035156,107.63999938964844,629200
2019-07-10,88.10649871826172,108.3000030517578,108.6500015258789,107.9800033569336,108.36000061035156,792100
2019-07-11,87.54515838623047,107.61000061035156,108.62000274658205,106.45999908447266,108.62000274658205,747700
2019-07-12,88.89562225341797,109.2699966430664,109.7699966430664,107.98999786376952,108.0,957300
2019-07-15,89.1966552734375,109.63999938964844,111.76000213623048,108.2300033569336,109.31999969482422,795400
2019-07-16,89.36747741699219,109.8499984741211,110.6500015258789,109.4499969482422,109.8000030517578,780900
2019-07-17,88.35871124267578,108.61000061035156,110.01000213623048,108.38999938964844,110.0,751200
2019-07-18,88.9851303100586,109.37999725341795,109.8499984741211,108.11000061035156,108.37000274658205,976700
2019-07-19,87.58583068847656,107.66000366210938,109.58000183105467,107.63999938964844,109.58000183105467,1047900
2019-07-22,88.27734375,108.51000213623048,108.94000244140624,107.69000244140624,108.12000274658205,1616900
2019-07-23,97.06359100341795,119.30999755859376,119.95999908447266,114.5,115.87000274658205,3924500
2019-07-24,99.11371612548828,121.83000183105467,121.93000030517578,118.55999755859376,118.61000061035156,1716500
2019-07-25,99.40657806396484,122.19000244140624,123.62999725341795,121.37999725341795,121.87999725341795,1201000
2019-07-26,100.6106414794922,123.66999816894533,124.33000183105467,122.61000061035156,123.63999938964844,1205900
2019-07-29,102.5631332397461,126.06999969482422,126.29000091552734,123.7300033569336,123.83999633789062,958700
2019-07-30,101.18824768066406,124.37999725341795,126.87000274658205,122.66000366210938,125.23999786376952,1217200
2019-07-31,99.11048126220705,121.16000366210938,123.88999938964844,120.31999969482422,123.11000061035156,1230400
2019-08-01,93.93247985839844,114.83000183105467,122.19000244140624,114.61000061035156,121.58999633789062,2472600
2019-08-02,92.85269165039062,113.51000213623048,114.83000183105467,111.61000061035156,114.41000366210938,1859600
2019-08-05,91.13487243652344,111.41000366210938,111.95999908447266,109.83000183105467,111.9000015258789,1499900
2019-08-06,92.41913604736328,112.9800033569336,113.08000183105467,110.9000015258789,111.66000366210938,1103200
2019-08-07,93.05719757080078,113.76000213623048,113.94000244140624,109.79000091552734,111.13999938964844,830300
2019-08-08,95.41304779052734,116.63999938964844,116.6999969482422,114.26000213623048,114.9499969482422,867800
2019-08-09,93.68704986572266,114.52999877929688,116.16999816894533,113.69000244140624,115.11000061035156,720200
2019-08-12,92.5500259399414,113.13999938964844,114.37000274658205,112.5500030517578,113.93000030517578,513000
2019-08-13,95.09405517578124,116.25,120.97000122070312,112.11000061035156,112.9800033569336,1623200
2019-08-14,93.58890533447266,114.41000366210938,115.04000091552734,113.33000183105467,114.1999969482422,975600
2019-08-15,92.5500259399414,113.13999938964844,115.05999755859376,112.22000122070312,115.05999755859376,598200
2019-08-16,93.55618286132812,114.37000274658205,114.91999816894533,113.56999969482422,114.44000244140624,598800
2019-08-19,94.03062438964844,114.9499969482422,116.2300033569336,114.16000366210938,115.62999725341795,562800
2019-08-20,93.5725326538086,114.38999938964844,115.0199966430664,114.20999908447266,114.43000030517578,422800
2019-08-21,94.48053741455078,115.5,116.61000061035156,114.55999755859376,115.9499969482422,375100
2019-08-22,93.53981018066406,114.3499984741211,115.66999816894533,112.91999816894533,115.38999938964844,517500
2019-08-23,85.17971801757812,104.12999725341795,108.69000244140624,103.76000213623048,106.9499969482422,2044600
2019-08-26,87.6910171508789,107.1999969482422,107.86000061035156,104.79000091552734,105.48999786376952,1026100
2019-08-27,87.74010467529297,107.26000213623048,108.5500030517578,106.87000274658205,107.8499984741211,858700
2019-08-28,88.5662841796875,108.2699966430664,108.62999725341795,103.04000091552734,106.77999877929688,557500
2019-08-29,90.0959930419922,110.13999938964844,110.7300033569336,108.93000030517578,109.4800033569336,504400
2019-08-30,90.36592864990234,110.47000122070312,111.33999633789062,109.86000061035156,111.04000091552734,679300
2019-09-03,89.48247528076172,109.38999938964844,110.2699966430664,108.08999633789062,109.81999969482422,704500
2019-09-04,89.62969970703125,109.56999969482422,110.95999908447266,108.79000091552734,110.29000091552734,619800
2019-09-05,90.7913055419922,110.98999786376952,112.43000030517578,110.0500030517578,111.30999755859376,683800
2019-09-06,91.9446792602539,112.4000015258789,112.48999786376952,110.5199966430664,110.7699966430664,677600
2019-09-09,93.20442962646484,113.94000244140624,114.4000015258789,111.79000091552734,112.6999969482422,580600
2019-09-10,95.33943939208984,116.5500030517578,118.68000030517578,114.22000122070312,114.7300033569336,1088700
2019-09-11,96.10839080810548,117.48999786376952,117.61000061035156,115.01000213623048,116.22000122070312,755500
2019-09-12,97.86711120605467,119.63999938964844,120.98999786376952,117.66000366210938,117.66000366210938,850600
2019-09-13,97.98163604736328,119.77999877929688,121.4800033569336,119.63999938964844,119.68000030517578,601400
2019-09-16,97.4008331298828,119.06999969482422,120.37999725341795,118.12999725341795,118.58000183105467,433700
2019-09-17,97.58899688720705,119.3000030517578,120.01000213623048,118.5199966430664,120.01000213623048,735200
2019-09-18,97.87529754638672,119.6500015258789,119.79000091552734,118.2300033569336,119.30999755859376,814300
2019-09-19,98.9141616821289,120.91999816894533,121.37000274658205,119.72000122070312,120.33000183105467,1027100
2019-09-20,96.22290802001952,117.62999725341795,121.13999938964844,117.41000366210938,120.0999984741211,2461200
2019-09-23,96.59099578857422,118.08000183105467,119.37000274658205,117.27999877929688,117.7300033569336,520600
2019-09-24,95.7075653076172,117.0,119.4499969482422,116.41000366210938,119.0999984741211,598100
2019-09-25,97.18814849853516,118.80999755859376,119.41000366210938,116.62000274658205,117.08000183105467,525700
2019-09-26,96.03475952148438,117.4000015258789,118.62000274658205,117.25,118.5500030517578,497300
2019-09-27,97.19634246826172,118.81999969482422,119.52999877929688,117.81999969482422,118.44000244140624,536800
2019-09-30,97.08999633789062,118.69000244140624,119.91999816894533,118.62999725341795,119.06999969482422,672100
2019-10-01,95.7893524169922,117.0999984741211,119.93000030517578,116.58000183105467,118.9499969482422,651700
2019-10-02,94.32508087158205,115.30999755859376,117.58999633789062,113.9499969482422,116.51000213623048,664300
2019-10-03,95.3803482055664,116.5999984741211,116.5999984741211,113.94000244140624,115.01000213623048,491100
2019-10-04,96.72188568115234,118.23999786376952,118.47000122070312,116.43000030517578,116.43000030517578,512600
2019-10-07,96.24744415283205,117.66000366210938,118.1999969482422,116.5,117.8000030517578,430900
2019-10-08,95.45397186279295,116.69000244140624,118.0999984741211,116.6500015258789,117.0199966430664,602900
2019-10-09,96.65644073486328,118.16000366210938,118.88999938964844,117.0199966430664,117.3499984741211,531700
2019-10-10,97.71168518066406,119.4499969482422,119.6999969482422,117.54000091552734,118.16999816894533,622600
2019-10-11,99.21683502197266,121.29000091552734,122.0999984741211,120.02999877929688,120.47000122070312,611900
2019-10-14,98.89779663085938,120.9000015258789,121.63999938964844,120.20999908447266,120.66999816894533,509100
2019-10-15,99.76490020751952,121.95999908447266,122.4800033569336,121.3499984741211,121.5999984741211,541700
2019-10-16,99.78943634033205,121.98999786376952,122.58000183105467,121.11000061035156,121.48999786376952,647400
2019-10-17,100.11663818359376,122.38999938964844,122.97000122070312,121.58000183105467,122.33999633789062,802400
2019-10-18,99.76490020751952,121.95999908447266,123.0500030517578,121.52999877929688,122.3000030517578,911300
2019-10-21,98.29248046875,120.16000366210938,122.93000030517578,119.4000015258789,122.93000030517578,2064600
2019-10-22,81.81768798828125,100.0199966430664,104.9499969482422,98.8499984741211,101.01000213623048,6939000
2019-10-23,81.31051635742188,99.4000015258789,101.75,98.05999755859376,100.1500015258789,3201900
2019-10-24,78.66016387939453,96.16000366210938,99.51000213623048,95.5999984741211,99.29000091552734,2428400
2019-10-25,78.53746795654297,96.01000213623048,96.38999938964844,94.19000244140624,96.1500015258789,2241500
2019-10-28,79.05280303955078,96.63999938964844,97.26000213623048,96.1500015258789,96.26000213623048,1520500
2019-10-29,80.68882751464844,98.63999938964844,98.9800033569336,95.63999938964844,96.16000366210938,2531400
2019-10-30,81.22055053710938,99.29000091552734,99.4000015258789,97.16000366210938,98.22000122070312,1357500
2019-10-31,80.14979553222656,97.30999755859376,98.94000244140624,96.8000030517578,98.43000030517578,1142600
2019-11-01,79.43318939208984,96.44000244140624,98.05999755859376,96.29000091552734,97.79000091552734,1089000
2019-11-04,80.47100830078125,97.6999969482422,98.26000213623048,96.3000030517578,96.58000183105467,885300
2019-11-05,78.8978271484375,95.79000091552734,99.23999786376952,95.77999877929688,96.06999969482422,2386300
2019-11-06,78.13185119628906,94.86000061035156,95.66999816894533,92.58999633789062,93.33999633789062,8392300
2019-11-07,78.42012023925781,95.20999908447266,96.66999816894533,94.7699966430664,95.66000366210938,1941500
2019-11-08,78.68367767333984,95.52999877929688,96.0,94.36000061035156,95.54000091552734,1988000
2019-11-11,78.66720581054688,95.51000213623048,95.98999786376952,94.80999755859376,95.12999725341795,719900
2019-11-12,77.7529525756836,94.4000015258789,95.9000015258789,94.0,95.7300033569336,1336700
2019-11-13,77.42349243164062,94.0,94.68000030517578,93.83000183105467,94.33000183105467,1151900
2019-11-14,78.5189437866211,95.33000183105467,95.43000030517578,93.51000213623048,94.0,1006900
2019-11-15,78.5848388671875,95.41000366210938,96.19000244140624,95.02999877929688,95.5999984741211,1270800
2019-11-18,78.54368591308594,95.36000061035156,95.76000213623048,94.5500030517578,95.0199966430664,1538900
2019-11-19,78.45306396484375,95.25,95.73999786376952,95.0999984741211,95.6999969482422,1151200
2019-11-20,78.17302703857422,94.91000366210938,95.5500030517578,94.0,95.11000061035156,1441800
2019-11-21,78.59308624267578,95.41999816894533,96.81999969482422,94.41999816894533,94.95999908447266,1691400
2019-11-22,79.1696548461914,96.12000274658205,96.91999816894533,95.55999755859376,95.9000015258789,1258200
2019-11-25,81.69825744628906,99.19000244140624,99.94000244140624,98.20999908447266,98.5,2047400
2019-11-26,82.72782897949219,100.44000244140624,100.95999908447266,98.68000030517578,99.95999908447266,2612400
2019-11-27,83.95507049560547,101.93000030517578,102.6999969482422,100.5,101.0,1269000
2019-11-29,83.765625,101.6999969482422,102.62000274658205,101.19000244140624,102.16999816894533,652300
2019-12-02,82.76901245117188,100.48999786376952,102.72000122070312,100.06999969482422,102.5999984741211,1124200
2019-12-03,81.73120880126953,99.2300033569336,99.95999908447266,98.06999969482422,99.22000122070312,990500
2019-12-04,81.92064666748047,99.45999908447266,100.1999969482422,99.38999938964844,99.38999938964844,698300
2019-12-05,82.6207504272461,100.30999755859376,100.45999908447266,99.44000244140624,100.11000061035156,874800
2019-12-06,83.1890640258789,101.0,101.5,100.43000030517578,101.0500030517578,743600
2019-12-09,82.94196319580078,100.6999969482422,101.37000274658205,100.4000015258789,101.25,771100
2019-12-10,82.30776977539062,99.93000030517578,101.01000213623048,99.2699966430664,100.7699966430664,770400
2019-12-11,82.670166015625,100.37000274658205,100.9000015258789,99.5999984741211,99.6500015258789,500300
2019-12-12,84.6386947631836,102.76000213623048,102.98999786376952,99.93000030517578,100.37000274658205,1164800
2019-12-13,85.59414672851562,103.91999816894533,104.56999969482422,101.88999938964844,102.87999725341795,1090600
2019-12-16,84.22686004638672,102.26000213623048,104.91999816894533,102.12000274658205,104.66000366210938,1311900
2019-12-17,84.74578094482422,102.88999938964844,103.1999969482422,101.75,102.7300033569336,753500
2019-12-18,85.26467895507812,103.5199966430664,103.5999984741211,102.0999984741211,102.77999877929688,899000
2019-12-19,85.9730224609375,104.37999725341795,104.68000030517578,103.16999816894533,103.8000030517578,811500
2019-12-20,85.32234191894531,103.58999633789062,105.5500030517578,103.47000122070312,104.70999908447266,4982500
2019-12-23,86.65665435791016,105.20999908447266,105.30999755859376,104.08000183105467,104.16000366210938,772500
2019-12-24,86.5660629272461,105.0999984741211,105.2699966430664,104.54000091552734,105.01000213623048,190200
2019-12-26,86.45075225830078,104.95999908447266,105.73999786376952,104.6999969482422,105.69000244140624,533000
2019-12-27,87.10965728759766,105.76000213623048,106.0,104.73999786376952,105.05999755859376,458200
2019-12-30,86.63194274902344,105.18000030517578,106.25,104.4499969482422,105.7699966430664,521400
2019-12-31,86.98612213134766,105.61000061035156,106.2699966430664,105.19000244140624,105.19000244140624,530800
2020-01-02,86.7554931640625,105.33000183105467,106.18000030517578,104.3000030517578,106.16999816894533,1043200
2020-01-03,86.52487182617188,105.0500030517578,105.5,103.63999938964844,103.91999816894533,708100
2020-01-06,86.78019714355469,105.36000061035156,105.4000015258789,103.3499984741211,104.33999633789062,779400
2020-01-07,85.15760803222656,103.38999938964844,105.01000213623048,102.76000213623048,105.01000213623048,984900
2020-01-08,86.44252014160156,104.9499969482422,105.88999938964844,103.4000015258789,103.87999725341795,920900
2020-01-09,85.57769012451172,103.9000015258789,105.16999816894533,103.31999969482422,104.88999938964844,683300
2020-01-10,83.74915313720703,101.68000030517578,104.12000274658205,101.51000213623048,104.12000274658205,1096200
2020-01-13,86.3683853149414,104.86000061035156,104.97000122070312,101.3499984741211,101.83999633789062,900400
2020-01-14,86.68962097167969,105.25,105.94000244140624,103.51000213623048,104.7699966430664,1646800
2020-01-15,84.86107635498047,103.02999877929688,103.33999633789062,100.62000274658205,102.0500030517578,1972000
2020-01-16,85.34703826904297,103.62000274658205,104.52999877929688,103.06999969482422,103.66000366210938,868200
2020-01-17,86.59075164794922,105.12999725341795,105.45999908447266,104.2300033569336,104.37999725341795,1164400
2020-01-21,86.24481964111328,104.70999908447266,105.08999633789062,103.13999938964844,105.0,758700
2020-01-22,87.12612915039062,105.77999877929688,106.25,104.75,105.0,875100
2020-01-23,86.87904357910156,105.4800033569336,106.02999877929688,104.3000030517578,105.01000213623048,818200
2020-01-24,86.22012329101562,104.68000030517578,105.6500015258789,104.37000274658205,105.27999877929688,1217500
2020-01-27,85.36351776123047,103.63999938964844,104.05999755859376,102.61000061035156,102.9499969482422,931500
2020-01-28,86.47545623779297,104.98999786376952,105.66999816894533,103.36000061035156,103.97000122070312,658900
2020-01-29,85.89889526367188,104.29000091552734,105.47000122070312,104.22000122070312,104.79000091552734,710600
2020-01-30,85.31855773925781,102.91000366210938,103.69000244140624,101.76000213623048,103.06999969482422,1166300
2020-01-31,84.45634460449219,101.87000274658205,103.3499984741211,101.33000183105467,102.83999633789062,923000
2020-02-03,84.37342834472656,101.7699966430664,103.08000183105467,101.69000244140624,102.69000244140624,636100
2020-02-04,86.14762115478516,103.91000366210938,104.8499984741211,103.01000213623048,103.0500030517578,991200
2020-02-05,87.10933685302734,105.06999969482422,105.41999816894533,103.62999725341795,104.9499969482422,914400
2020-02-06,84.97032928466797,102.48999786376952,105.5,102.16999816894533,105.5,1566300
2020-02-07,82.69041442871094,99.73999786376952,102.4800033569336,99.16999816894533,102.27999877929688,1849000
2020-02-10,83.65213775634766,100.9000015258789,101.13999938964844,99.36000061035156,99.43000030517578,1118600
2020-02-11,82.98889923095703,100.0999984741211,109.5,100.0,107.88999938964844,4045500
2020-02-12,81.4136734008789,98.1999969482422,100.08000183105467,96.7699966430664,99.9800033569336,2776300
2020-02-13,80.4104995727539,96.98999786376952,97.83000183105467,96.77999877929688,97.55999755859376,1374000
2020-02-14,81.0074462890625,97.70999908447266,98.79000091552734,97.0,97.2699966430664,936900
2020-02-18,80.76701354980469,97.41999816894533,97.62999725341795,95.94000244140624,97.48999786376952,1160400
2020-02-19,80.9825668334961,97.68000030517578,98.3499984741211,96.27999877929688,97.22000122070312,1124100
2020-02-20,81.9774398803711,98.87999725341795,98.98999786376952,96.9800033569336,97.55999755859376,1340000
2020-02-21,74.59052276611328,89.97000122070312,98.05999755859376,89.86000061035156,98.04000091552734,3638000
2020-02-24,72.20283508300781,87.08999633789062,88.56999969482422,86.77999877929688,87.56999969482422,2284600
2020-02-25,68.82024383544922,83.01000213623047,87.66000366210938,82.62999725341797,87.44999694824219,1565900
2020-02-26,68.3974380493164,82.5,84.88999938964844,82.5,83.7699966430664,1820200
2020-02-27,65.91854095458984,79.51000213623047,82.7300033569336,79.41000366210938,81.20999908447266,2369400
2020-02-28,64.04488372802734,77.25,78.45999908447266,75.62999725341797,77.0,2288300
2020-03-02,65.73616027832031,79.29000091552734,79.52999877929688,76.05000305175781,77.31999969482422,1485900
2020-03-03,62.544281005859375,75.44000244140625,80.12000274658203,75.37000274658203,78.44000244140625,2577300
2020-03-04,64.54230499267578,77.8499984741211,77.86000061035156,75.44999694824219,76.5,2367600
2020-03-05,61.74009323120117,74.47000122070312,75.94000244140625,73.5,75.77999877929688,1286300
2020-03-06,60.314109802246094,72.75,73.8499984741211,70.93000030517578,71.88999938964844,1800600
2020-03-09,54.908634185791016,66.2300033569336,69.6500015258789,66.0999984741211,68.4800033569336,2254700
2020-03-10,55.754276275634766,67.25,69.13999938964844,63.93000030517578,68.86000061035156,2008000
2020-03-11,52.21419143676758,62.97999954223633,65.58999633789062,61.880001068115234,64.94999694824219,2602400
2020-03-12,44.59513473510742,53.790000915527344,59.18999862670898,53.77999877929688,58.540000915527344,2547500
2020-03-13,45.614871978759766,55.02000045776367,57.790000915527344,52.02000045776367,56.43000030517578,3069000
2020-03-16,37.08384323120117,44.72999954223633,50.41999816894531,44.68999862670898,49.5,2488500
2020-03-17,38.758548736572266,46.75,48.93000030517578,44.619998931884766,45.900001525878906,3130400
2020-03-18,38.81657409667969,46.81999969482422,48.36000061035156,41.33000183105469,44.43000030517578,2507100
2020-03-19,39.206241607666016,47.290000915527344,50.310001373291016,45.02999877929688,46.81999969482422,2495200
2020-03-20,38.22794723510742,46.11000061035156,50.56999969482422,45.63999938964844,47.97999954223633,2739100
2020-03-23,43.00333404541016,51.869998931884766,54.77999877929688,49.22999954223633,52.08000183105469,3802400
2020-03-24,52.32196807861328,63.11000061035156,63.20000076293945,54.84999847412109,55.0,3305500
2020-03-25,55.37290573120117,66.79000091552734,69.26000213623047,62.540000915527344,63.81999969482422,3121500
2020-03-26,56.61650466918945,68.29000091552734,71.22000122070312,65.08000183105469,66.6500015258789,1758700
2020-03-27,54.41949844360352,65.63999938964844,67.29000091552734,63.709999084472656,64.05999755859375,1322400
2020-03-30,59.26121139526367,71.4800033569336,72.5999984741211,65.0,65.20999908447266,1841500
2020-03-31,59.31925201416016,71.55000305175781,72.76000213623047,70.27999877929688,70.80000305175781,2456300
2020-04-01,58.10052108764648,70.08000183105469,72.16999816894531,67.25,68.04000091552734,2343100
2020-04-02,58.39068984985352,70.43000030517578,71.22000122070312,68.26000213623047,69.83999633789062,1468600
2020-04-03,55.49727249145508,66.94000244140625,72.1500015258789,66.47000122070312,70.58999633789062,1628400
2020-04-06,59.0290641784668,71.19999694824219,72.43000030517578,69.75,70.98999786376953,1250700
2020-04-07,61.69034957885742,74.41000366210938,75.58000183105469,73.0999984741211,74.72000122070312,1919200
2020-04-08,61.47478485107422,74.1500015258789,75.93000030517578,72.66999816894531,75.05999755859375,1194000
2020-04-09,62.734962463378906,75.66999816894531,78.25,74.26000213623047,75.22000122070312,1507900
2020-04-13,61.53281021118164,74.22000122070312,75.7300033569336,72.22000122070312,75.0999984741211,1003700
2020-04-14,61.89762878417969,74.66000366210938,76.73999786376953,73.97000122070312,75.4000015258789,1306900
2020-04-15,59.30263519287109,71.52999877929688,72.19000244140625,70.08000183105469,70.97000122070312,1598100
2020-04-16,60.529666900634766,73.01000213623047,73.83999633789062,71.36000061035156,72.25,1349700
2020-04-17,62.345306396484375,75.19999694824219,76.51000213623047,74.02999877929688,76.51000213623047,1306700
2020-04-20,62.74324417114258,75.68000030517578,77.37000274658203,74.25,74.48999786376953,1045800
2020-04-21,59.97418594360352,72.33999633789062,75.6500015258789,72.06999969482422,73.58000183105469,1267700
2020-04-22,61.47478485107422,74.1500015258789,74.8499984741211,73.2300033569336,73.66000366210938,787300
2020-04-23,60.3223876953125,72.76000213623047,74.69000244140625,72.68000030517578,74.11000061035156,1209400
2020-04-24,62.07171249389648,74.87000274658203,75.26000213623047,71.75,73.44999694824219,1540000
2020-04-27,63.638633728027344,76.76000213623047,77.4000015258789,75.5999984741211,75.69999694824219,1045700
2020-04-28,64.55060577392578,77.86000061035156,80.48999786376953,77.30000305175781,78.45999908447266,1926500
2020-04-29,60.44675064086914,72.91000366210938,76.4800033569336,72.44999694824219,75.91000366210938,3835300
2020-04-30,60.43001556396485,72.20999908447266,73.97000122070312,70.55999755859375,72.7699966430664,1860600
2020-05-01,57.51772689819336,68.7300033569336,70.9800033569336,68.23999786376953,70.6500015258789,1742400
2020-05-04,57.80224990844727,69.06999969482422,69.0999984741211,66.62000274658203,68.0,1120000
2020-05-05,56.24568939208984,67.20999908447266,70.6500015258789,67.13999938964844,70.48999786376953,1212700
2020-05-06,55.14102935791016,65.88999938964844,68.94000244140625,65.80000305175781,67.44000244140625,1229400
2020-05-07,57.22481918334961,68.37999725341797,68.93000030517578,66.81999969482422,66.94999694824219,911900
2020-05-08,58.32948303222656,69.69999694824219,69.91999816894531,68.22000122070312,68.98999786376953,719200
2020-05-11,57.40893173217773,68.5999984741211,69.45999908447266,67.5,69.08999633789062,772700
2020-05-12,54.84812927246094,65.54000091552734,68.80999755859375,65.5,68.79000091552734,819700
2020-05-13,52.58859634399414,62.84000015258789,65.80000305175781,62.0099983215332,65.80000305175781,1063900
2020-05-14,54.078216552734375,64.62000274658203,64.83000183105469,60.20000076293945,62.20000076293945,1064700
2020-05-15,54.22885894775391,64.80000305175781,65.27999877929688,62.84999847412109,64.19999694824219,1135100
2020-05-18,57.12439727783203,68.26000213623047,69.48999786376953,66.80000305175781,67.0,1264900
2020-05-19,56.88170623779297,67.97000122070312,69.22000122070312,67.37000274658203,68.66999816894531,848100
2020-05-20,57.62652206420898,68.86000061035156,69.33000183105469,68.16999816894531,69.02999877929688,677400
2020-05-21,57.57630920410156,68.80000305175781,68.97000122070312,67.41999816894531,68.51000213623047,691400
2020-05-22,55.81053161621094,66.69000244140625,68.93000030517578,66.47000122070312,68.68000030517578,1010100
2020-05-26,60.72291946411133,72.55999755859375,72.66000366210938,68.0999984741211,68.8499984741211,2309300
2020-05-27,61.3840446472168,73.3499984741211,74.95999908447266,72.23999786376953,73.61000061035156,1102400
2020-05-28,61.47608184814453,73.45999908447266,74.4800033569336,72.63999938964844,74.06999969482422,1289000
2020-05-29,61.5179443359375,73.51000213623047,74.30000305175781,72.55000305175781,74.19999694824219,1642000
2020-06-01,60.80662536621094,72.66000366210938,74.20999908447266,72.3499984741211,73.55999755859375,745400
2020-06-02,61.35892868041992,73.31999969482422,74.81999969482422,72.91000366210938,73.12000274658203,1050600
2020-06-03,64.59760284423828,77.19000244140625,77.30000305175781,74.25,74.29000091552734,1307000
2020-06-04,64.48880767822266,77.05999755859375,77.98999786376953,75.69000244140625,76.62999725341797,927000
2020-06-05,67.66889190673828,80.86000061035156,82.19000244140625,79.06999969482422,79.43000030517578,1154500
2020-06-08,70.2297134399414,83.91999816894531,83.98999786376953,81.55000305175781,81.77999877929688,1153000
2020-06-09,66.28805541992188,79.20999908447266,80.54000091552734,77.33000183105469,79.83999633789062,1110100
2020-06-10,63.70216751098633,76.12000274658203,79.08999633789062,75.97000122070312,79.08999633789062,813800
2020-06-11,59.4843635559082,71.08000183105469,73.66999816894531,70.37000274658203,73.5,918800
2020-06-12,62.17907333374024,74.30000305175781,74.54000091552734,72.13999938964844,73.58000183105469,800400
2020-06-15,63.19168472290039,75.51000213623047,76.27999877929688,71.5,72.36000061035156,856300
2020-06-16,64.53067016601562,77.11000061035156,78.38999938964844,75.55000305175781,78.06999969482422,680900
2020-06-17,64.14568328857422,76.6500015258789,77.56999969482422,75.87000274658203,77.33000183105469,548700
2020-06-18,62.89877700805664,75.16000366210938,76.70999908447266,74.95999908447266,75.51000213623047,755000
2020-06-19,59.70194625854492,71.33999633789062,76.63999938964844,71.19000244140625,76.63999938964844,3198300
2020-06-22,61.20830535888672,73.13999938964844,73.18000030517578,70.37000274658203,71.51000213623047,1204900
2020-06-23,61.735538482666016,73.7699966430664,74.7300033569336,73.12000274658203,74.7300033569336,697700
2020-06-24,59.36720275878906,70.94000244140625,72.9000015258789,70.18000030517578,72.88999938964844,999100
2020-06-25,58.8818244934082,70.36000061035156,70.83000183105469,69.33000183105469,70.26000213623047,1235900
2020-06-26,59.09103393554688,70.61000061035156,70.81999969482422,69.44000244140625,70.0999984741211,3389700
2020-06-29,61.75225067138672,73.79000091552734,73.79000091552734,70.8499984741211,72.06999969482422,1011800
2020-06-30,62.7230339050293,74.94999694824219,75.25,72.4000015258789,73.29000091552734,981400
2020-07-01,62.50543594360352,74.69000244140625,75.91999816894531,74.37999725341797,74.69000244140625,731600
2020-07-02,62.43013381958008,74.5999984741211,76.9800033569336,74.33000183105469,76.4000015258789,692600
2020-07-06,62.63097381591797,74.83999633789062,76.22000122070312,74.08999633789062,75.4000015258789,743600
2020-07-07,61.54305267333984,73.54000091552734,74.66999816894531,73.16000366210938,74.63999938964844,680000
2020-07-08,61.30872344970703,73.26000213623047,73.93000030517578,72.16999816894531,73.37999725341797,595300
2020-07-09,59.835845947265625,71.5,73.48999786376953,71.01000213623047,73.0999984741211,1182700
2020-07-10,62.07865524291992,74.18000030517578,74.19999694824219,71.4000015258789,71.51000213623047,670300
2020-07-13,61.60164260864258,73.61000061035156,75.43000030517578,72.76000213623047,75.0,649300
2020-07-14,62.446868896484375,74.62000274658203,74.77999877929688,73.0999984741211,73.6500015258789,589800
2020-07-15,65.5516128540039,78.33000183105469,78.68000030517578,75.13999938964844,75.4000015258789,765200
2020-07-16,64.86541748046875,77.51000213623047,79.33999633789062,77.0999984741211,78.0,599500
2020-07-17,64.84866333007812,77.48999786376953,78.95999908447266,77.05000305175781,77.83000183105469,789400
2020-07-20,65.27548217773438,78.0,78.23999786376953,76.69000244140625,76.9800033569336,762700
2020-07-21,65.97005462646484,78.83000183105469,80.7300033569336,78.5999984741211,79.02999877929688,910800
2020-07-22,66.23785400390625,79.1500015258789,79.9000015258789,77.27999877929688,77.27999877929688,689100
2020-07-23,66.78179931640625,79.80000305175781,80.80000305175781,79.12000274658203,79.55999755859375,858500
2020-07-24,64.9323501586914,77.58999633789062,80.80000305175781,77.0199966430664,80.23999786376953,1653100
2020-07-27,60.12038040161133,71.83999633789062,75.4000015258789,70.77999877929688,75.04000091552734,5159500
2020-07-28,60.5974006652832,72.41000366210938,73.38999938964844,71.16000366210938,71.80999755859375,1411100
2020-07-29,61.95310974121094,74.02999877929688,74.58000183105469,72.12999725341797,72.86000061035156,1123000
2020-07-30,61.34222030639648,73.30000305175781,73.87999725341797,72.51000213623047,73.33000183105469,761400
2020-07-31,61.4604606628418,72.76000213623047,72.86000061035156,71.06999969482422,72.52999877929688,1111300
2020-08-03,63.24277877807617,74.87000274658203,74.91999816894531,72.27999877929688,72.95999908447266,1113100
2020-08-04,63.23433303833008,74.86000061035156,75.22000122070312,73.93000030517578,74.25,1140500
2020-08-05,65.34609985351562,77.36000061035156,77.41999816894531,75.37999725341797,75.38999938964844,981800
2020-08-06,64.9490737915039,76.88999938964844,77.66000366210938,76.54000091552734,77.37999725341797,707800
2020-08-07,64.83081817626953,76.75,76.76000213623047,75.58999633789062,76.4800033569336,543800
2020-08-10,66.70606231689453,78.97000122070312,79.05000305175781,76.69999694824219,77.16999816894531,787600
2020-08-11,66.49488067626953,78.72000122070312,80.44999694824219,78.47000122070312,79.6500015258789,664600
2020-08-12,67.424072265625,79.81999969482422,80.38999938964844,78.45999908447266,79.30999755859375,732600
2020-08-13,66.68069458007812,78.94000244140625,79.94000244140625,78.68000030517578,79.33000183105469,476900
2020-08-14,67.2635498046875,79.62999725341797,80.16999816894531,78.56999969482422,79.3499984741211,473400
2020-08-17,66.21613311767578,78.38999938964844,79.75,77.9800033569336,79.75,546700
2020-08-18,66.43575286865234,78.6500015258789,78.93000030517578,77.51000213623047,78.20999908447266,462900
2020-08-19,66.38507080078125,78.58999633789062,79.94000244140625,78.29000091552734,78.94000244140625,363300
2020-08-20,65.422119140625,77.44999694824219,78.19999694824219,76.45999908447266,78.04000091552734,500000
2020-08-21,64.88995361328125,76.81999969482422,77.91999816894531,76.33000183105469,77.33999633789062,591100
2020-08-24,67.52542114257812,79.94000244140625,80.30000305175781,76.52999877929688,77.13999938964844,517000
2020-08-25,67.05238342285156,79.37999725341797,80.6500015258789,78.8499984741211,80.6500015258789,452800
2020-08-26,67.11151885986328,79.44999694824219,80.0,78.44000244140625,79.80000305175781,483100
2020-08-27,68.1504898071289,80.68000030517578,82.08000183105469,79.41000366210938,79.47000122070312,658300
2020-08-28,68.37012481689453,80.94000244140625,81.36000061035156,79.5,81.0,689100
2020-08-31,66.68069458007812,78.94000244140625,80.5999984741211,78.5,80.58999633789062,750400
2020-09-01,69.1810302734375,81.9000015258789,81.93000030517578,78.0,78.56999969482422,711100
2020-09-02,69.73851776123047,82.55999755859375,83.13999938964844,80.9000015258789,82.93000030517578,646000
2020-09-03,67.58453369140625,80.01000213623047,83.26000213623047,79.26000213623047,82.6500015258789,755800
2020-09-04,66.7820816040039,79.05999755859375,81.0,78.19999694824219,80.70999908447266,613400
2020-09-08,65.96270751953125,78.08999633789062,79.19000244140625,77.16000366210938,77.4800033569336,869900
2020-09-09,66.19922637939453,78.37000274658203,79.5,76.7699966430664,78.5,1463900
2020-09-10,66.36817169189453,78.56999969482422,80.0,78.19999694824219,79.05000305175781,1098500
2020-09-11,66.43575286865234,78.6500015258789,79.29000091552734,78.05999755859375,79.29000091552734,782200
2020-09-14,65.19403839111328,77.18000030517578,80.43000030517578,77.0999984741211,78.7300033569336,1099800
2020-09-15,65.38831329345703,77.41000366210938,78.44000244140625,76.4000015258789,77.43000030517578,1169500
2020-09-16,66.31749725341797,78.51000213623047,80.01000213623047,76.6500015258789,76.77999877929688,1105500
2020-09-17,67.92242431640625,80.41000366210938,80.58999633789062,77.0999984741211,77.22000122070312,1257000
2020-09-18,67.50006866455078,79.91000366210938,81.97000122070312,79.51000213623047,80.29000091552734,1765700
2020-09-21,64.25643157958984,76.06999969482422,78.52999877929688,75.5999984741211,78.41999816894531,1066900
2020-09-22,63.73271942138672,75.44999694824219,77.56999969482422,75.25,76.12000274658203,716800
2020-09-23,64.94063568115234,76.87999725341797,79.75,76.77999877929688,77.91999816894531,987500
2020-09-24,64.33245849609375,76.16000366210938,77.44999694824219,75.2699966430664,77.26000213623047,702500
2020-09-25,65.01665496826172,76.97000122070312,77.2300033569336,75.4000015258789,76.05000305175781,693700
2020-09-28,66.0978775024414,78.25,78.6500015258789,77.29000091552734,78.0,482400
2020-09-29,68.62350463867188,81.23999786376953,81.9000015258789,78.83999633789062,79.18000030517578,941600
2020-09-30,69.87368774414062,82.72000122070312,85.81999969482422,82.29000091552734,84.02999877929688,1427800
2020-10-01,70.06796264648438,82.94999694824219,84.61000061035156,82.37999725341797,82.98999786376953,765300
2020-10-02,70.08485412597656,82.97000122070312,84.12999725341797,80.23999786376953,81.37000274658203,812400
2020-10-05,70.18621826171875,83.08999633789062,84.58000183105469,82.83999633789062,83.19999694824219,808700
2020-10-06,70.15243530273438,83.05000305175781,84.98999786376953,82.77999877929688,83.91999816894531,815900
2020-10-07,71.74048614501953,84.93000030517578,85.16999816894531,83.66000366210938,84.29000091552734,521300
2020-10-08,74.29991149902344,87.95999908447266,88.0,85.0199966430664,85.30999755859375,742000
2020-10-09,75.31356048583984,89.16000366210938,90.0,88.11000061035156,88.1500015258789,836100
2020-10-12,74.11406707763672,87.73999786376953,89.66000366210938,87.05000305175781,89.44000244140625,708600
2020-10-13,73.3960952758789,86.88999938964844,87.83000183105469,86.22000122070312,87.83000183105469,644200
2020-10-14,72.5176010131836,85.8499984741211,88.13999938964844,85.75,87.37999725341797,607000
2020-10-15,73.32850646972656,86.80999755859375,87.04000091552734,84.9000015258789,85.0199966430664,492100
2020-10-16,73.99583435058594,87.5999984741211,87.8499984741211,86.16000366210938,86.87999725341797,636100
2020-10-19,73.10889434814453,86.55000305175781,88.87999725341797,86.12000274658203,88.51000213623047,711900
2020-10-20,73.20179748535156,86.66000366210938,88.08999633789062,86.30999755859375,87.23999786376953,548200
2020-10-21,73.44676971435547,86.94999694824219,87.77999877929688,86.2300033569336,86.5,669400
2020-10-22,75.87105560302734,89.81999969482422,89.91000366210938,86.55999755859375,87.2699966430664,1165900
2020-10-23,77.71251678466797,92.0,92.9499969482422,91.0,91.9499969482422,1972000
2020-10-26,70.44808197021484,83.4000015258789,87.9000015258789,82.25,87.0199966430664,3951200
2020-10-27,71.88406372070312,85.0999984741211,86.4000015258789,82.66999816894531,84.08999633789062,2330000
2020-10-28,70.98870086669922,84.04000091552734,84.55000305175781,81.72000122070312,83.6500015258789,1717000
2020-10-29,70.8450927734375,83.87000274658203,84.87000274658203,82.19999694824219,83.41000366210938,1015900
2020-10-30,70.44483947753906,82.72000122070312,83.44000244140625,81.69000244140625,82.69999694824219,1198400
2020-11-02,70.17233276367188,82.4000015258789,84.0999984741211,82.01000213623047,83.52999877929688,839700
2020-11-03,72.13951873779297,84.70999908447266,85.33000183105469,82.33999633789062,83.66000366210938,755200
2020-11-04,70.15528106689453,82.37999725341797,84.63999938964844,82.2300033569336,84.0999984741211,839300
2020-11-05,71.62003326416016,84.0999984741211,84.48999786376953,83.0199966430664,83.95999908447266,818800
2020-11-06,71.82443237304688,84.33999633789062,85.45999908447266,83.18000030517578,84.4800033569336,588900
2020-11-09,72.72714233398438,85.4000015258789,88.7300033569336,85.05999755859375,88.08000183105469,1742700
2020-11-10,72.9400405883789,85.6500015258789,87.22000122070312,84.75,85.72000122070312,947800
2020-11-11,73.68946838378906,86.52999877929688,87.43000030517578,85.6500015258789,86.33000183105469,981900
2020-11-12,71.72225189208984,84.22000122070312,86.37999725341797,83.33999633789062,86.37999725341797,700700
2020-11-13,74.70286560058594,87.72000122070312,88.66999816894531,84.81999969482422,84.83000183105469,1152500
2020-11-16,77.40245056152344,90.88999938964844,90.94000244140624,87.77999877929688,89.86000061035156,891800
2020-11-17,78.25406646728516,91.88999938964844,92.47000122070312,89.2699966430664,90.4800033569336,641800
2020-11-18,78.41585540771484,92.08000183105467,94.3000030517578,90.98999786376952,91.94000244140624,1032200
2020-11-19,78.13483428955078,91.75,92.55999755859376,90.23999786376952,91.66999816894533,628300
2020-11-20,79.21636962890625,93.0199966430664,93.4000015258789,90.73999786376952,91.47000122070312,832900
2020-11-23,78.87574005126953,92.62000274658205,93.73999786376952,91.87999725341795,93.22000122070312,679300
2020-11-24,78.43289947509766,92.0999984741211,94.0,91.80999755859376,93.44000244140624,1144700
2020-11-25,78.46694946289062,92.13999938964844,92.33999633789062,90.9000015258789,91.5500030517578,587300
2020-11-27,78.6202621459961,92.31999969482422,93.1999969482422,91.48999786376952,91.88999938964844,227900
2020-11-30,79.22489166259766,93.02999877929688,93.25,90.69000244140624,92.01000213623048,1223400
2020-12-01,81.91596221923828,96.19000244140624,97.12999725341795,93.8000030517578,94.33999633789062,1914000
2020-12-02,79.9913330078125,93.93000030517578,94.97000122070312,91.3000030517578,94.7699966430664,1192100
2020-12-03,78.90980529785156,92.66000366210938,95.22000122070312,92.36000061035156,93.9000015258789,907300
2020-12-04,77.55574798583984,91.06999969482422,93.70999908447266,90.91999816894533,92.9000015258789,1477800
2020-12-07,76.27833557128906,89.56999969482422,90.98999786376952,89.4000015258789,90.66999816894533,1079300
2020-12-08,76.40607452392578,89.72000122070312,91.11000061035156,88.83999633789062,89.0199966430664,702000
2020-12-09,75.58853149414062,88.76000213623047,91.54000091552734,88.43000030517578,91.0500030517578,1366700
2020-12-10,75.52041625976562,88.68000030517578,89.27999877929688,87.69999694824219,88.18000030517578,783700
2020-12-11,75.79291534423828,89.0,89.5,87.5199966430664,88.18000030517578,889400
2020-12-14,76.73819732666016,90.11000061035156,91.31999969482422,89.48999786376953,90.16999816894533,682700
2020-12-15,78.56063842773438,92.25,92.76000213623048,89.13999938964844,90.87999725341795,1001300
2020-12-16,80.69815063476562,94.76000213623048,95.55999755859376,92.0,92.1999969482422,1485500
2020-12-17,79.378173828125,93.20999908447266,96.06999969482422,93.02999877929688,94.76000213623048,934500
2020-12-18,79.8891372680664,93.80999755859376,94.3000030517578,92.0,93.75,1873700
2020-12-21,79.71031188964844,93.5999984741211,94.8000030517578,91.33000183105467,92.6500015258789,1095500
2020-12-22,78.67134094238281,92.37999725341795,94.23999786376952,92.25,93.69000244140624,583300
2020-12-23,78.9864501953125,92.75,93.4499969482422,91.83999633789062,92.98999786376952,671600
2020-12-24,79.32708740234375,93.1500015258789,93.33999633789062,92.01000213623048,93.22000122070312,201000
2020-12-28,79.48887634277344,93.33999633789062,94.1500015258789,92.83000183105467,93.51000213623048,476100
2020-12-29,79.52295684814453,93.37999725341795,93.8000030517578,92.20999908447266,93.77999877929688,459600
2020-12-30,80.05094909667969,94.0,94.83999633789062,93.01000213623048,93.30999755859376,507400
2020-12-31,79.65921020507812,93.54000091552734,94.19000244140624,92.8000030517578,93.75,559200
2021-01-04,78.31368255615234,91.95999908447266,93.73999786376952,90.38999938964844,93.73999786376952,990000
2021-01-05,79.35262298583984,93.18000030517578,94.2699966430664,92.0,92.20999908447266,537700
2021-01-06,80.46822357177734,94.48999786376952,95.4800033569336,93.0,93.0,693700
2021-01-07,80.72371673583984,94.79000091552734,95.58999633789062,94.25,95.43000030517578,646900
2021-01-08,82.82719421386719,97.26000213623048,97.52999877929688,95.01000213623048,95.26000213623048,908900
2021-01-11,82.4780044555664,96.8499984741211,97.93000030517578,96.12999725341795,96.5,575500
2021-01-12,84.41117095947266,99.12000274658205,99.62999725341795,96.52999877929688,97.0,843600
2021-01-13,84.52188110351562,99.25,99.5999984741211,98.2300033569336,98.72000122070312,640800
2021-01-14,84.4878158569336,99.20999908447266,101.23999786376952,98.98999786376952,99.54000091552734,1058800
2021-01-15,82.77607727050781,97.1999969482422,98.55999755859376,96.18000030517578,98.41999816894533,1018100
2021-01-19,82.0011215209961,96.29000091552734,97.68000030517578,94.76000213623048,97.58000183105467,769200
2021-01-20,80.68113708496094,94.73999786376952,96.66999816894533,94.12000274658205,95.91000366210938,664900
2021-01-21,82.60577392578125,97.0,97.9499969482422,94.30999755859376,94.88999938964844,706500
2021-01-22,83.0145263671875,97.4800033569336,97.76000213623048,95.4800033569336,96.77999877929688,437900
2021-01-25,81.6093978881836,95.83000183105467,98.4499969482422,95.31999969482422,97.47000122070312,638000
2021-01-26,81.06436157226562,95.19000244140624,96.8499984741211,93.06999969482422,96.8499984741211,1081400
2021-01-27,79.4463119506836,93.29000091552734,95.33999633789062,91.26000213623048,94.23999786376952,1162600
2021-01-28,81.02177429199219,95.13999938964844,95.62000274658205,93.36000061035156,93.87999725341795,1059900
2021-01-29,79.89765930175781,93.81999969482422,95.31999969482422,93.0199966430664,94.26000213623048,726700
2021-02-01,80.9442138671875,94.36000061035156,94.54000091552734,92.75,93.75,418800
2021-02-02,81.91354370117188,95.48999786376952,96.4800033569336,94.0500030517578,94.95999908447266,757000
2021-02-03,82.77996063232422,96.5,96.94000244140624,94.62999725341795,95.66999816894533,645200
2021-02-04,83.09732818603516,96.87000274658205,97.8499984741211,96.0,96.44000244140624,633900
2021-02-05,83.44904327392578,97.27999877929688,98.45999908447266,96.02999877929688,97.37999725341795,1244400
2021-02-08,79.90625,93.1500015258789,99.68000030517578,92.41000366210938,99.61000061035156,2631700
2021-02-09,77.83887481689453,90.73999786376952,93.3000030517578,90.58999633789062,92.9499969482422,1355500
2021-02-10,79.16851806640625,92.29000091552734,93.48999786376952,89.75,90.83999633789062,1447600
2021-02-11,77.76168060302734,90.6500015258789,92.61000061035156,90.16000366210938,92.0999984741211,1068700
2021-02-12,78.47368621826172,91.4800033569336,91.54000091552734,90.25,90.5500030517578,717300
2021-02-16,76.71513366699219,89.43000030517578,92.5999984741211,89.37999725341797,91.5999984741211,894900
2021-02-17,77.9589614868164,90.87999725341795,91.1999969482422,89.16000366210938,89.63999938964844,750700
2021-02-18,78.43077087402344,91.43000030517578,91.87999725341795,90.05000305175781,90.05000305175781,509100
2021-02-19,77.2041015625,90.0,92.44000244140624,89.95999908447266,92.2300033569336,705000
2021-02-22,78.7138671875,91.76000213623048,91.97000122070312,89.36000061035156,89.6500015258789,808400
2021-02-23,78.38787841796875,91.37999725341795,92.23999786376952,90.5500030517578,91.6999969482422,850300
2021-02-24,77.98472595214844,90.91000366210938,92.33000183105467,90.36000061035156,91.11000061035156,889800
2021-02-25,78.7824935913086,91.83999633789062,94.0500030517578,89.19000244140625,91.16000366210938,1880900
2021-02-26,80.38661193847656,93.70999908447266,95.06999969482422,92.0,92.2699966430664,2478700
2021-03-01,81.54469299316406,95.05999755859376,96.18000030517578,93.55999755859376,94.13999938964844,1000100
2021-03-02,81.74198150634766,95.29000091552734,95.91000366210938,93.36000061035156,95.43000030517578,753500
2021-03-03,79.80330657958984,93.02999877929688,95.5999984741211,92.87999725341795,95.5,617500
2021-03-04,79.12562561035156,92.23999786376952,93.58000183105467,90.31999969482422,93.0500030517578,1017100
2021-03-05,81.31306457519531,94.79000091552734,95.0999984741211,91.52999877929688,92.95999908447266,802200
2021-03-08,83.45762634277344,97.29000091552734,98.25,94.19000244140624,94.63999938964844,715800
2021-03-09,82.19662475585938,95.81999969482422,98.9499969482422,95.55999755859376,97.76000213623048,1167100
2021-03-10,83.00299072265625,96.76000213623048,97.11000061035156,95.1500015258789,96.48999786376952,661400
2021-03-11,81.39026641845703,94.87999725341795,97.62999725341795,94.4800033569336,96.58000183105467,927800
2021-03-12,81.39884948730469,94.88999938964844,95.37999725341795,94.02999877929688,95.12000274658205,763600
2021-03-15,83.56056213378906,97.41000366210938,97.68000030517578,94.98999786376952,95.22000122070312,717500
2021-03-16,83.56056213378906,97.41000366210938,98.0,96.33999633789062,97.83999633789062,690600
2021-03-17,81.46747589111328,94.97000122070312,97.4000015258789,92.76000213623048,96.69000244140624,1135500
2021-03-18,81.9478530883789,95.52999877929688,97.4499969482422,94.66999816894533,94.91000366210938,713000
2021-03-19,82.29097747802734,95.93000030517578,96.36000061035156,94.27999877929688,95.1999969482422,2762400
2021-03-22,83.08016967773438,96.8499984741211,98.04000091552734,95.70999908447266,96.62999725341795,811600
2021-03-23,82.99441528320312,96.75,97.31999969482422,96.12999725341795,96.55999755859376,737000
2021-03-24,82.03363800048828,95.62999725341795,98.1999969482422,95.62000274658205,96.94000244140624,770300
2021-03-25,84.36691284179688,98.3499984741211,98.87000274658205,94.58000183105467,94.62999725341795,756100
2021-03-26,84.49559020996094,98.5,99.48999786376952,97.76000213623048,98.48999786376952,628900
2021-03-29,83.98088836669922,97.9000015258789,98.6500015258789,96.9499969482422,98.0,608500
2021-03-30,83.10591125488281,96.87999725341795,98.4000015258789,96.51000213623048,97.81999969482422,973300
2021-03-31,82.45398712158203,96.12000274658205,97.26000213623048,95.61000061035156,97.0,1411500
2021-04-01,81.88780212402344,95.45999908447266,97.31999969482422,95.0,96.25,878700
2021-04-05,81.96501159667969,95.5500030517578,96.4499969482422,94.87999725341795,95.6999969482422,811800
2021-04-06,82.15373229980469,95.7699966430664,96.5500030517578,95.0500030517578,95.4800033569336,750700
2021-04-07,83.3718490600586,97.19000244140624,97.5,95.9499969482422,96.05999755859376,603300
2021-04-08,82.53118133544922,96.20999908447266,97.6500015258789,94.94000244140624,97.4800033569336,1743600
2021-04-09,81.69908905029297,95.23999786376952,96.83000183105467,94.7300033569336,96.33000183105467,718000
2021-04-12,83.30322265625,97.11000061035156,97.2699966430664,94.36000061035156,94.79000091552734,737700
2021-04-13,84.7872543334961,98.83999633789062,100.47000122070312,95.66999816894533,96.62999725341795,1723200
2021-04-14,85.77373504638672,99.98999786376952,100.29000091552734,97.38999938964844,98.26000213623048,1069300
2021-04-15,84.9330825805664,99.01000213623048,100.36000061035156,98.83999633789062,100.31999969482422,845300
2021-04-16,84.06668853759766,98.0,99.6500015258789,97.97000122070312,99.5,1016600
2021-04-19,84.07526397705078,98.01000213623048,98.66999816894533,96.87999725341795,98.0,644700
2021-04-20,82.97724151611328,96.7300033569336,98.26000213623048,96.1500015258789,98.16999816894533,771300
2021-04-21,83.8007583618164,97.69000244140624,98.4499969482422,96.56999969482422,96.75,616300
2021-04-22,84.47845458984375,98.4800033569336,98.95999908447266,97.1500015258789,97.66000366210938,673400
2021-04-23,83.3375473022461,97.1500015258789,100.51000213623048,96.7699966430664,99.37000274658205,891200
2021-04-26,83.22601318359375,97.0199966430664,97.58999633789062,95.58999633789062,97.20999908447266,987300
2021-04-27,84.36691284179688,98.3499984741211,99.8499984741211,95.7300033569336,96.75,1256700
2021-04-28,84.06668853759766,98.0,98.61000061035156,96.7699966430664,98.61000061035156,703900
2021-04-29,85.001708984375,99.08999633789062,99.51000213623048,98.0199966430664,98.80999755859376,756700
2021-04-30,85.9000015258789,99.4499969482422,99.47000122070312,98.12999725341795,98.23999786376952,1035600
2021-05-03,85.82228088378906,99.36000061035156,100.4800033569336,98.45999908447266,99.70999908447266,837200
2021-05-04,84.82032012939453,98.1999969482422,99.54000091552734,97.81999969482422,99.44000244140624,669500
2021-05-05,85.83954620361328,99.37999725341795,99.75,98.04000091552734,98.11000061035156,534400
2021-05-06,85.88272857666016,99.43000030517578,100.12000274658205,98.6999969482422,99.79000091552734,637000
2021-05-07,85.64087677001953,99.1500015258789,100.41999816894533,99.11000061035156,99.75,583400
2021-05-10,85.84818267822266,99.38999938964844,101.0999984741211,99.05999755859376,99.76000213623048,700000
2021-05-11,84.82896423339844,98.20999908447266,100.02999877929688,97.83000183105467,99.23999786376952,682900
2021-05-12,81.84900665283203,94.76000213623048,98.70999908447266,94.58000183105467,98.16999816894533,705800
2021-05-13,83.18781280517578,96.30999755859376,97.0999984741211,94.9499969482422,94.9499969482422,550400
2021-05-14,83.17919921875,96.3000030517578,97.05999755859376,95.41999816894533,96.05999755859376,728600
2021-05-17,82.98916625976562,96.08000183105467,96.43000030517578,94.87000274658205,96.36000061035156,708000
2021-05-18,82.03904724121094,94.9800033569336,96.4800033569336,94.91999816894533,96.0199966430664,641800
2021-05-19,81.05437469482422,93.83999633789062,94.66999816894533,92.75,94.37000274658205,745600
2021-05-20,81.88356018066406,94.8000030517578,95.0,93.1999969482422,93.54000091552734,568200
2021-05-21,81.244384765625,94.05999755859376,95.18000030517578,93.94000244140624,94.66000366210938,600800
2021-05-24,81.29622650146484,94.12000274658205,94.4499969482422,93.66999816894533,94.4499969482422,437500
2021-05-25,81.22711944580078,94.04000091552734,94.87999725341795,93.88999938964844,94.43000030517578,489500
2021-05-26,81.90949249267578,94.83000183105467,95.0,94.04000091552734,94.3000030517578,433000
2021-05-27,82.8509750366211,95.91999816894533,96.18000030517578,94.76000213623048,94.9800033569336,1160500
2021-05-28,82.89415740966797,95.97000122070312,96.43000030517578,95.1999969482422,96.43000030517578,425100
2021-06-01,83.17056274414062,96.29000091552734,96.76000213623048,95.5999984741211,96.5,523300
2021-06-02,82.4536361694336,95.45999908447266,96.66000366210938,94.9499969482422,96.4000015258789,668500
2021-06-03,82.54866027832031,95.56999969482422,95.75,94.1500015258789,95.48999786376952,768600
2021-06-04,82.26361846923828,95.23999786376952,95.83000183105467,94.13999938964844,95.63999938964844,549200
2021-06-07,81.84038543701172,94.75,95.6500015258789,94.47000122070312,95.62000274658205,399200
2021-06-08,83.23965454101562,96.37000274658205,96.8000030517578,94.41000366210938,95.16000366210938,429300
2021-06-09,82.4018325805664,95.4000015258789,96.8000030517578,95.33000183105467,96.75,317400
2021-06-10,83.11009979248047,96.22000122070312,96.48999786376952,95.20999908447266,95.62999725341795,429000
2021-06-11,84.18978118896484,97.47000122070312,97.63999938964844,96.05999755859376,96.3000030517578,644000
2021-06-14,82.48821258544922,95.5,97.62999725341795,94.94000244140624,97.2300033569336,727500
2021-06-15,82.15997314453125,95.12000274658205,95.44000244140624,94.43000030517578,95.37999725341795,573600
2021-06-16,81.19256591796875,94.0,95.06999969482422,93.62000274658205,95.06999969482422,642100
2021-06-17,79.32687377929688,91.83999633789062,94.13999938964844,90.80999755859376,93.98999786376952,923300
2021-06-18,78.62722778320312,91.02999877929688,92.0,90.5500030517578,91.0500030517578,1126400
2021-06-21,79.603271484375,92.16000366210938,92.76000213623048,90.8000030517578,91.26000213623048,677100
2021-06-22,80.21652221679688,92.87000274658205,93.18000030517578,91.0500030517578,92.11000061035156,595900
2021-06-23,80.07832336425781,92.70999908447266,93.3499984741211,92.51000213623048,92.98999786376952,671700
2021-06-24,80.48428344726562,93.18000030517578,93.77999877929688,92.87999725341795,92.94000244140624,568800
2021-06-25,80.79524993896484,93.54000091552734,93.6999969482422,92.8000030517578,93.33000183105467,688500
2021-06-28,80.85570526123047,93.61000061035156,94.56999969482422,93.37000274658205,94.0,815200
2021-06-29,81.19256591796875,94.0,94.62000274658205,93.52999877929688,93.97000122070312,906000
2021-06-30,81.6417236328125,94.5199966430664,94.5999984741211,93.66999816894533,94.20999908447266,826800
2021-07-01,82.3499755859375,95.33999633789062,95.77999877929688,94.8499984741211,94.9000015258789,568600
2021-07-02,83.48151397705078,96.6500015258789,96.83999633789062,95.52999877929688,95.6500015258789,686600
2021-07-06,82.59185028076172,95.62000274658205,96.69000244140624,94.56999969482422,96.45999908447266,498100
2021-07-07,83.72335052490234,96.93000030517578,97.11000061035156,95.52999877929688,95.75,498600
2021-07-08,83.68879699707031,96.88999938964844,97.2300033569336,95.38999938964844,96.19000244140624,591100
2021-07-09,84.63031005859375,97.9800033569336,98.25,97.22000122070312,97.62999725341795,431000
2021-07-12,84.77713012695312,98.1500015258789,98.26000213623048,97.22000122070312,97.58999633789062,341800
2021-07-13,84.27615356445312,97.56999969482422,98.31999969482422,97.27999877929688,98.16000366210938,480500
2021-07-14,84.4661865234375,97.79000091552734,98.41999816894533,97.3000030517578,97.6500015258789,624800
2021-07-15,81.88356018066406,94.8000030517578,97.8499984741211,94.51000213623048,97.7300033569336,1006200
2021-07-16,81.22711944580078,94.04000091552734,94.8499984741211,93.61000061035156,94.56999969482422,678100
2021-07-19,79.29231262207031,91.8000030517578,93.4499969482422,90.81999969482422,93.04000091552734,796800
2021-07-20,81.19256591796875,94.0,94.38999938964844,91.91000366210938,92.16000366210938,654000
2021-07-21,81.38258361816406,94.22000122070312,95.29000091552734,93.83999633789062,94.37000274658205,421900
2021-07-22,80.53611755371094,93.23999786376952,94.1999969482422,92.86000061035156,94.1999969482422,393900
2021-07-23,79.81920623779297,92.41000366210938,93.68000030517578,91.68000030517578,93.68000030517578,1105300
2021-07-26,89.5882339477539,103.72000122070312,104.88999938964844,96.87999725341795,98.0999984741211,3870500
2021-07-27,87.55841064453125,101.37000274658205,103.45999908447266,100.33999633789062,102.81999969482422,1496100
2021-07-28,86.27141571044922,99.87999725341795,102.69000244140624,99.75,101.4000015258789,1437600
2021-07-29,86.79830169677734,100.48999786376952,100.76000213623048,99.36000061035156,100.51000213623048,970400
2021-07-30,86.4765396118164,99.44000244140624,101.5,99.18000030517578,99.87000274658205,1622600
2021-08-02,86.6591796875,99.6500015258789,101.5999984741211,99.47000122070312,100.06999969482422,637500
2021-08-03,87.29399871826172,100.37999725341795,100.87000274658205,98.66999816894533,100.0500030517578,899200
2021-08-04,86.58090209960938,99.55999755859376,101.01000213623048,99.1500015258789,100.33999633789062,553900
2021-08-05,86.15478515625,99.06999969482422,99.7300033569336,98.41000366210938,99.61000061035156,507900
2021-08-06,85.21556854248047,97.98999786376952,99.9499969482422,97.68000030517578,99.22000122070312,573500
2021-08-09,85.39820098876953,98.1999969482422,98.95999908447266,97.91999816894533,98.27999877929688,369700
2021-08-10,85.81562042236328,98.68000030517578,99.02999877929688,97.79000091552734,98.06999969482422,339300
2021-08-11,85.84170532226562,98.70999908447266,99.05999755859376,97.7300033569336,98.5199966430664,471000
2021-08-12,86.15478515625,99.06999969482422,99.3499984741211,98.41000366210938,98.9800033569336,678500
2021-08-13,87.18964385986328,100.26000213623048,100.2699966430664,99.04000091552734,99.33000183105467,528200
2021-08-16,86.94615173339844,99.9800033569336,100.7699966430664,99.4800033569336,99.8499984741211,548100
2021-08-17,84.62422943115234,97.30999755859376,99.4000015258789,96.25,99.4000015258789,542100
2021-08-18,83.44153594970703,95.9499969482422,97.20999908447266,95.9000015258789,96.9499969482422,464200
2021-08-19,82.42403411865234,94.77999877929688,97.2699966430664,94.29000091552734,96.3499984741211,636000
2021-08-20,83.3458480834961,95.83999633789062,96.37999725341795,94.91000366210938,95.0999984741211,463100
2021-08-23,84.51118469238281,97.18000030517578,97.58000183105467,96.06999969482422,96.06999969482422,444700
2021-08-24,84.9286117553711,97.66000366210938,98.4499969482422,96.9000015258789,96.94000244140624,405200
2021-08-25,85.60689544677734,98.44000244140624,98.83999633789062,97.69000244140624,98.01000213623048,405700
2021-08-26,85.16340637207031,97.93000030517578,98.8499984741211,97.72000122070312,98.33999633789062,383000
2021-08-27,85.6156005859375,98.4499969482422,98.87000274658205,97.51000213623048,97.66000366210938,365900
2021-08-30,85.51124572753906,98.33000183105467,99.5199966430664,98.19000244140624,98.98999786376952,322900
2021-08-31,85.49386596679688,98.30999755859376,98.73999786376952,97.73999786376952,98.55999755859376,639900
2021-09-01,85.96344757080078,98.8499984741211,99.7699966430664,98.05999755859376,98.54000091552734,390100
2021-09-02,86.04171752929688,98.94000244140624,99.44000244140624,98.44000244140624,99.08000183105467,246000
2021-09-03,86.40699005126953,99.36000061035156,99.41000366210938,98.41000366210938,99.08999633789062,249300
2021-09-07,87.14617156982422,100.20999908447266,100.9499969482422,99.48999786376952,99.79000091552734,657400
2021-09-08,85.31993103027344,98.11000061035156,100.6500015258789,97.88999938964844,100.22000122070312,435300
2021-09-09,85.25904846191406,98.04000091552734,99.0,97.6999969482422,98.20999908447266,523600
2021-09-10,85.24166107177734,98.0199966430664,99.0199966430664,97.76000213623048,98.36000061035156,361300
2021-09-13,84.84162902832031,97.55999755859376,98.63999938964844,97.13999938964844,98.27999877929688,406800
2021-09-14,84.77206420898438,97.4800033569336,97.80999755859376,96.6999969482422,97.80999755859376,433600
2021-09-15,85.74603271484375,98.5999984741211,98.79000091552734,96.76000213623048,97.2300033569336,499400
2021-09-16,85.86780548095703,98.73999786376952,99.08999633789062,97.7699966430664,98.22000122070312,500100
2021-09-17,84.81554412841797,97.52999877929688,98.66999816894533,96.52999877929688,98.18000030517578,1381100
2021-09-20,83.13715362548828,95.5999984741211,97.27999877929688,94.8499984741211,96.6999969482422,830600
2021-09-21,80.75434875488281,92.86000061035156,97.52999877929688,92.83000183105467,96.19000244140624,785400
2021-09-22,82.01532745361328,94.30999755859376,94.48999786376952,91.43000030517578,92.86000061035156,859700
2021-09-23,82.3110122680664,94.6500015258789,96.0199966430664,94.58000183105467,94.93000030517578,476000
2021-09-24,82.11967468261719,94.43000030517578,95.37999725341795,93.93000030517578,94.27999877929688,417900
2021-09-27,81.80661010742188,94.06999969482422,95.5199966430664,93.9800033569336,94.2699966430664,411200
2021-09-28,80.45866394042969,92.5199966430664,94.29000091552734,91.7300033569336,93.9800033569336,696700
2021-09-29,80.21517181396484,92.23999786376952,93.23999786376952,92.12999725341795,92.87999725341795,423000
2021-09-30,77.5888671875,89.22000122070312,92.66000366210938,88.81999969482422,92.6500015258789,1430100
2021-10-01,77.47582244873047,89.08999633789062,89.6500015258789,86.62999725341797,89.27999877929688,889600
2021-10-04,75.35389709472656,86.6500015258789,89.54000091552734,86.05000305175781,89.54000091552734,1008900
2021-10-05,75.76264190673828,87.12000274658203,87.72000122070312,86.08000183105469,86.9800033569336,970600
2021-10-06,76.44966125488281,87.91000366210938,88.0199966430664,86.30000305175781,86.56999969482422,597600
2021-10-07,77.66712951660156,89.30999755859375,90.25,88.5199966430664,88.91999816894531,766600
2021-10-08,78.2671890258789,90.0,90.76000213623048,89.70999908447266,89.70999908447266,695700
2021-10-11,76.99752807617188,88.54000091552734,89.62000274658203,87.80999755859375,88.0,883000
2021-10-12,76.5713882446289,88.05000305175781,89.44999694824219,87.0,88.87999725341797,647500
2021-10-13,76.74531555175781,88.25,88.72000122070312,86.9000015258789,87.5,783800
2021-10-14,79.44120025634766,91.3499984741211,92.02999877929688,88.94999694824219,89.16999816894531,1066800
2021-10-15,80.41517639160156,92.47000122070312,93.1500015258789,91.6500015258789,92.02999877929688,978500
2021-10-18,80.54563903808594,92.62000274658205,93.31999969482422,91.6999969482422,92.18000030517578,881900
2021-10-19,81.12828826904297,93.29000091552734,93.95999908447266,92.08000183105467,92.98999786376952,657900
2021-10-20,79.15420532226562,91.0199966430664,93.25,90.81999969482422,93.25,710500
2021-10-21,80.40647888183594,92.45999908447266,92.58999633789062,90.73999786376952,90.81999969482422,1061900
2021-10-22,77.83238220214844,89.5,93.87000274658205,88.76000213623047,93.62999725341795,1403500
2021-10-25,76.96273803710938,88.5,89.58999633789062,88.0199966430664,89.52999877929688,1532000
2021-10-26,79.44988250732422,91.36000061035156,94.12999725341795,90.66999816894533,91.5199966430664,2121600
2021-10-27,82.26751708984375,94.5999984741211,95.06999969482422,90.62000274658205,91.2300033569336,1436500
2021-10-28,83.99810028076172,96.58999633789062,96.66999816894533,94.0199966430664,94.9499969482422,1312600
2021-10-29,83.86671447753906,95.76000213623048,96.0999984741211,93.8000030517578,95.16000366210938,1376500
2021-11-01,83.1573257446289,94.9499969482422,96.0500030517578,94.58000183105467,95.87999725341795,808700
2021-11-02,81.8436050415039,93.4499969482422,95.26000213623048,92.06999969482422,95.1999969482422,955000
2021-11-03,81.93120574951172,93.5500030517578,94.76000213623048,92.69000244140624,93.37000274658205,773300
2021-11-04,83.04346466064453,94.81999969482422,95.04000091552734,93.41999816894533,93.86000061035156,629300
2021-11-05,84.07691955566406,96.0,96.19000244140624,95.0199966430664,95.12999725341795,676900
2021-11-08,85.12786865234375,97.1999969482422,97.4499969482422,95.0,96.0,599400
2021-11-09,85.51321411132812,97.63999938964844,97.9800033569336,96.8000030517578,97.20999908447266,503900
2021-11-10,85.52198028564453,97.6500015258789,99.9000015258789,97.0199966430664,97.58999633789062,566400
2021-11-11,86.02118682861328,98.22000122070312,98.76000213623048,96.83999633789062,97.58999633789062,490900
2021-11-12,86.00366973876953,98.1999969482422,98.6500015258789,97.37000274658205,98.6500015258789,667200
2021-11-15,86.78313446044922,99.08999633789062,99.79000091552734,98.33000183105467,98.75,613900
2021-11-16,87.07215118408203,99.41999816894533,100.61000061035156,99.08999633789062,99.08999633789062,662700
2021-11-17,88.20194244384766,100.70999908447266,101.04000091552734,99.01000213623048,99.01000213623048,658600
2021-11-18,87.43122863769531,99.83000183105467,101.04000091552734,98.88999938964844,100.87999725341795,539500
2021-11-19,88.00050354003906,100.4800033569336,100.5999984741211,99.3000030517578,100.0,635000
2021-11-22,87.95671081542969,100.43000030517578,101.1999969482422,99.8000030517578,100.54000091552734,578500
2021-11-23,87.14220428466797,99.5,100.91999816894533,98.5999984741211,100.37999725341795,604600
2021-11-24,87.07215118408203,99.41999816894533,99.58000183105467,98.1500015258789,98.9800033569336,393000
2021-11-26,86.48536682128906,98.75,99.58000183105467,97.7300033569336,98.25,606900
2021-11-29,86.81817626953125,99.12999725341795,99.95999908447266,97.87999725341795,99.2300033569336,511100
2021-11-30,84.87389373779297,96.91000366210938,98.7699966430664,96.37999725341795,98.33000183105467,1543900
2021-12-01,84.65495300292969,96.66000366210938,99.5199966430664,96.58999633789062,97.56999969482422,778600
2021-12-02,86.41527557373047,98.66999816894533,99.0500030517578,96.26000213623048,96.9000015258789,826800
2021-12-03,86.15255737304688,98.37000274658205,99.70999908447266,97.41000366210938,99.1500015258789,748700
2021-12-06,86.37151336669922,98.62000274658205,100.0999984741211,98.33000183105467,98.47000122070312,753800
2021-12-07,87.67645263671875,100.11000061035156,100.51000213623048,99.0199966430664,99.56999969482422,730400
2021-12-08,88.39461517333984,100.93000030517578,101.18000030517578,99.94000244140624,100.4000015258789,561100
2021-12-09,87.939208984375,100.41000366210938,101.25,100.11000061035156,100.88999938964844,544500
2021-12-10,88.29827880859375,100.81999969482422,102.1500015258789,100.25,100.91000366210938,645100
2021-12-13,88.08808135986328,100.58000183105467,101.0,99.75,100.62000274658205,776900
2021-12-14,87.93043518066406,100.4000015258789,100.98999786376952,99.47000122070312,100.23999786376952,1043800
2021-12-15,88.80624389648438,101.4000015258789,101.66999816894533,99.51000213623048,100.33999633789062,811600
2021-12-16,88.66610717773438,101.23999786376952,102.79000091552734,101.12999725341795,101.88999938964844,844100
2021-12-17,86.57292175292969,98.8499984741211,100.72000122070312,98.69000244140624,100.4800033569336,1561200
2021-12-20,84.0506362915039,95.97000122070312,97.9800033569336,95.0999984741211,97.86000061035156,868900
2021-12-21,84.53231811523438,96.5199966430664,97.61000061035156,96.18000030517578,96.88999938964844,918400
2021-12-22,84.6198959350586,96.62000274658205,97.30999755859376,95.94000244140624,96.79000091552734,752600
2021-12-23,85.7584457397461,97.91999816894533,98.37000274658205,96.25,96.62000274658205,552300
2021-12-27,86.99332427978516,99.33000183105467,99.4000015258789,97.43000030517578,98.11000061035156,417800
2021-12-28,86.46784973144531,98.7300033569336,100.1500015258789,98.37999725341795,99.41999816894533,379400
2021-12-29,87.15098571777344,99.51000213623048,99.70999908447266,98.73999786376952,98.98999786376952,350900
2021-12-30,88.47342681884766,101.0199966430664,101.45999908447266,99.76000213623048,99.76000213623048,434500
2021-12-31,89.13903045654297,101.77999877929688,101.91999816894533,100.83999633789062,100.88999938964844,401700
2022-01-03,89.48060607910156,102.16999816894533,102.87000274658205,100.9000015258789,102.22000122070312,677200
2022-01-04,91.01325988769533,103.91999816894533,105.36000061035156,102.33000183105467,102.48999786376952,1533100
2022-01-05,90.48777770996094,103.31999969482422,105.7300033569336,103.1500015258789,104.3000030517578,947000
2022-01-06,90.3388900756836,103.1500015258789,103.8000030517578,102.3000030517578,103.31999969482422,570300
2022-01-07,90.01483917236328,102.77999877929688,103.62999725341795,102.0500030517578,103.1500015258789,595100
2022-01-10,88.80624389648438,101.4000015258789,102.33999633789062,100.33000183105467,101.77999877929688,1025900
2022-01-11,88.67486572265625,101.25,101.56999969482422,100.43000030517578,101.29000091552734,1044800
2022-01-12,89.95352935791016,102.70999908447266,102.77999877929688,101.05999755859376,101.95999908447266,880800
2022-01-13,89.3492202758789,102.0199966430664,103.05999755859376,101.80999755859376,102.6999969482422,1062900
2022-01-14,87.6852035522461,100.12000274658205,101.75,98.94000244140624,101.68000030517578,960600
2022-01-18,87.69397735595703,100.12999725341795,100.61000061035156,98.62999725341795,99.58000183105467,827400
2022-01-19,86.81817626953125,99.12999725341795,100.6999969482422,98.77999877929688,100.2300033569336,663400
2022-01-20,85.95987701416016,98.1500015258789,100.48999786376952,97.79000091552734,99.20999908447266,771300
2022-01-21,84.00685119628906,95.91999816894533,98.30999755859376,95.7300033569336,98.30999755859376,1268000
2022-01-24,85.31178283691406,97.41000366210938,97.5199966430664,93.61000061035156,94.66000366210938,1278300
2022-01-25,83.70906066894531,95.58000183105467,97.0500030517578,93.55999755859376,96.93000030517578,1037100
2022-01-26,78.63819122314453,89.79000091552734,96.23999786376952,88.55999755859375,94.0,2393000
2022-01-27,77.48213195800781,88.47000122070312,91.29000091552734,88.23999786376953,90.27999877929688,1320100
2022-01-28,78.79583740234375,89.97000122070312,90.02999877929688,85.97000122070312,87.87000274658203,1346100
2022-01-31,81.61091613769531,92.4800033569336,92.8000030517578,88.5,88.77999877929688,2808300
2022-02-01,83.41996765136719,94.52999877929688,94.72000122070312,92.37999725341795,92.75,1150600
2022-02-02,84.30244445800781,95.52999877929688,95.68000030517578,93.94000244140624,94.75,1183800
2022-02-03,82.75812530517578,93.77999877929688,96.4000015258789,93.43000030517578,94.8000030517578,939000
2022-02-04,82.88166046142578,93.91999816894533,94.61000061035156,92.55999755859376,93.58999633789062,1409700
2022-02-07,82.0698013305664,93.0,94.33999633789062,90.01000213623047,93.83999633789062,1707500
2022-02-08,81.44325256347656,92.29000091552734,92.5999984741211,89.95999908447266,92.16999816894533,2250300
2022-02-09,84.920166015625,96.2300033569336,96.5,93.0,93.26000213623048,945100
2022-02-10,83.77295684814453,94.93000030517578,97.79000091552734,94.43000030517578,95.1999969482422,1134100
2022-02-11,83.29641723632812,94.38999938964844,95.47000122070312,93.9499969482422,94.5500030517578,1478300
2022-02-14,83.44644927978516,94.55999755859376,95.55999755859376,94.3499984741211,94.73999786376952,1209300
2022-02-15,85.11431121826172,96.4499969482422,96.95999908447266,95.3000030517578,95.79000091552734,1345700
2022-02-16,85.63497924804688,97.04000091552734,97.3000030517578,95.7699966430664,96.66999816894533,1125900
2022-02-17,87.43521881103516,99.08000183105467,105.12999725341795,98.2699966430664,102.6500015258789,3621500
2022-02-18,86.46450805664062,97.9800033569336,99.38999938964844,97.0500030517578,99.08000183105467,1194900
2022-02-22,83.13758087158203,94.20999908447266,97.87999725341795,94.0,97.3499984741211,1548600
2022-02-23,81.31086730957031,92.13999938964844,95.5999984741211,91.87000274658205,94.0,914600
2022-02-24,82.22862243652344,93.18000030517578,93.4000015258789,89.66000366210938,89.75,965600
2022-02-25,85.34376525878906,96.70999908447266,96.77999877929688,93.0,93.0,962000
2022-02-28,85.643798828125,97.0500030517578,99.8499984741211,95.5500030517578,96.16999816894533,2032400
2022-03-01,83.6758804321289,94.81999969482422,97.45999908447266,94.06999969482422,96.55999755859376,716500
2022-03-02,85.3967056274414,96.7699966430664,97.3000030517578,94.83000183105467,94.88999938964844,621300
2022-03-03,83.11992645263672,94.19000244140624,97.5500030517578,93.75,97.5500030517578,669100
2022-03-04,81.58442687988281,92.4499969482422,93.98999786376952,91.30999755859376,93.69000244140624,1056900
2022-03-07,78.65461730957031,89.12999725341797,92.4499969482422,88.9800033569336,91.5,979500
2022-03-08,77.73686981201172,88.08999633789062,91.31999969482422,87.38999938964844,88.7699966430664,1209200
2022-03-09,79.36061096191406,89.93000030517578,90.98999786376952,89.70999908447266,90.0,1113500
2022-03-10,78.53108215332031,88.98999786376953,89.44000244140625,88.12999725341797,89.12000274658203,1067900
2022-03-11,76.30725860595703,86.47000122070312,89.26000213623047,86.37999725341797,89.16999816894531,747300
2022-03-14,76.6337661743164,86.83999633789062,88.94000244140625,86.30999755859375,87.05999755859375,1614000
2022-03-15,77.67508697509766,88.0199966430664,88.45999908447266,86.72000122070312,86.83000183105469,1277000
2022-03-16,79.37825775146484,89.94999694824219,90.52999877929688,87.83000183105469,88.80999755859375,1053900
2022-03-17,79.13116455078125,89.66999816894531,90.1999969482422,88.95999908447266,89.88999938964844,1009400
2022-03-18,78.83113098144531,89.33000183105469,89.83000183105469,88.36000061035156,89.45999908447266,2447800
2022-03-21,78.89290618896484,89.4000015258789,89.95999908447266,88.31999969482422,89.4000015258789,1291000
2022-03-22,78.68992614746094,89.16999816894531,90.52999877929688,88.97000122070312,89.58999633789062,1731600
2022-03-23,75.11591339111328,85.12000274658203,88.81999969482422,85.05000305175781,88.81999969482422,1024700
2022-03-24,75.4512710571289,85.5,86.02999877929688,84.38999938964844,85.55000305175781,1555100
2022-03-25,74.90413665771484,84.87999725341797,85.98999786376953,84.55000305175781,85.55000305175781,1022600
2022-03-28,73.9775390625,83.83000183105469,84.93000030517578,83.19000244140625,84.93000030517578,1690600
2022-03-29,76.28079223632812,86.44000244140625,87.76000213623047,85.16000366210938,85.16000366210938,2681500
2022-03-30,74.56878662109375,84.5,86.55000305175781,83.97000122070312,85.9800033569336,1592700
2022-03-31,72.29200744628906,81.91999816894531,84.93000030517578,81.16000366210938,84.72000122070312,2896900
2022-04-01,74.5246810913086,84.44999694824219,84.45999908447266,81.83999633789062,82.33999633789062,1582200
2022-04-04,75.11591339111328,85.12000274658203,85.2300033569336,84.08999633789062,84.37000274658203,1259000
2022-04-05,75.05415344238281,85.05000305175781,85.63999938964844,84.36000061035156,84.5999984741211,1498800
2022-04-06,75.39832305908203,85.44000244140625,85.98999786376953,83.70999908447266,84.4000015258789,1072100
2022-04-07,74.72764587402344,84.68000030517578,85.56999969482422,83.27999877929688,85.44000244140625,1529300
2022-04-08,74.44522857666016,84.36000061035156,85.4000015258789,83.95999908447266,84.66999816894531,793100
2022-04-11,73.7745590209961,83.5999984741211,85.51000213623047,83.5,84.13999938964844,925000
2022-04-12,73.03327941894531,82.76000213623047,85.0999984741211,82.6500015258789,84.11000061035156,769900
2022-04-13,73.95106506347656,83.80000305175781,84.02999877929688,83.19999694824219,83.3499984741211,715800
2022-04-14,75.20416259765625,85.22000122070312,85.41000366210938,84.11000061035156,84.11000061035156,1668600
2022-04-18,73.71279907226562,83.52999877929688,85.25,83.05000305175781,85.08999633789062,1029600
2022-04-19,77.51624298095703,87.83999633789062,88.66999816894531,83.38999938964844,83.4800033569336,2246200
2022-04-20,78.26634979248047,88.69000244140625,88.98999786376953,87.13999938964844,88.4800033569336,1484400
2022-04-21,78.0545425415039,88.44999694824219,89.9000015258789,88.11000061035156,89.2699966430664,1366800
2022-04-22,77.59566497802734,87.93000030517578,89.04000091552734,87.27999877929688,88.48999786376953,1318100
2022-04-25,79.01644134521484,89.54000091552734,89.95999908447266,87.05999755859375,87.97000122070312,1219800
2022-04-26,77.88688659667969,88.26000213623047,89.5,87.97000122070312,88.72000122070312,1232800
2022-04-27,79.95185852050781,90.5999984741211,91.48999786376952,88.72000122070312,88.73999786376953,1938600
2022-04-28,79.82831573486328,90.45999908447266,92.5199966430664,88.37000274658203,91.11000061035156,1364900
2022-04-29,78.31641387939453,88.05999755859375,90.23999786376952,87.81999969482422,89.55999755859375,1510300
2022-05-02,79.74827575683594,89.66999816894531,89.7300033569336,87.52999877929688,87.87999725341797,1066500
2022-05-03,81.97166442871094,92.16999816894533,92.4800033569336,90.02999877929688,90.04000091552734,1162500
2022-05-04,83.73258209228516,94.1500015258789,94.22000122070312,91.38999938964844,92.2300033569336,1048500
2022-05-05,81.8916244506836,92.08000183105467,93.37000274658205,90.93000030517578,92.9800033569336,1062000
2022-05-06,81.74931335449219,91.91999816894533,92.68000030517578,90.5500030517578,91.62999725341795,1104600
2022-05-09,78.70773315429688,88.5,92.12999725341795,88.48999786376953,90.9000015258789,1366900
2022-05-10,78.81446075439453,88.62000274658203,89.88999938964844,87.20999908447266,89.68000030517578,1409800
2022-05-11,77.89842224121094,87.58999633789062,90.01000213623047,87.0,88.58999633789062,1301500
2022-05-12,79.60598754882812,89.51000213623047,89.56999969482422,87.05999755859375,87.05999755859375,974500
2022-05-13,81.90940856933594,92.0999984741211,92.37999725341795,90.04000091552734,90.3499984741211,897800
2022-05-16,81.10897827148438,91.1999969482422,92.3000030517578,90.93000030517578,91.7300033569336,711200
2022-05-17,82.3185043334961,92.55999755859376,92.55999755859376,90.91000366210938,91.44000244140624,739400
2022-05-18,80.69098663330078,90.7300033569336,92.18000030517578,90.41999816894533,91.81999969482422,843900
2022-05-19,77.16026306152344,86.76000213623047,90.86000061035156,86.5999984741211,89.94999694824219,1130300
2022-05-20,75.32818603515625,84.69999694824219,87.37999725341797,80.72000122070312,87.0999984741211,2960800
2022-05-23,75.55943298339844,84.95999908447266,85.41999816894531,83.4000015258789,85.0,1318200
2022-05-24,72.58008575439453,81.61000061035156,84.5,81.5199966430664,84.27999877929688,1134800
2022-05-25,74.3232192993164,83.56999969482422,83.8499984741211,81.0999984741211,81.30000305175781,879000
2022-05-26,76.4754638671875,85.98999786376953,86.51000213623047,84.04000091552734,84.04000091552734,902000
2022-05-27,77.4448471069336,87.08000183105469,87.31999969482422,86.19000244140625,86.37999725341797,905400
2022-05-31,79.81941986083984,89.75,90.33999633789062,85.83999633789062,87.05999755859375,1995700
2022-06-01,79.55261993408203,89.44999694824219,91.52999877929688,89.13999938964844,89.9000015258789,1203700
2022-06-02,79.9261474609375,89.87000274658203,90.33000183105467,88.87999725341797,90.08999633789062,812900
2022-06-03,78.96565246582031,88.79000091552734,89.7699966430664,87.94000244140625,89.4800033569336,577600
2022-06-06,78.76998901367188,88.56999969482422,89.55000305175781,88.18000030517578,89.30999755859375,472200
2022-06-07,78.99232482910156,88.81999969482422,88.97000122070312,87.0,87.76000213623047,726000
2022-06-08,78.5565414428711,88.33000183105469,89.26000213623047,87.87999725341797,88.58000183105469,626900
2022-06-09,77.63162231445312,87.29000091552734,89.12999725341797,87.27999877929688,88.2699966430664,657300
2022-06-10,75.52383422851562,84.91999816894531,86.22000122070312,84.9000015258789,86.11000061035156,688500
2022-06-13,72.27770233154297,81.2699966430664,83.8499984741211,80.75,83.26000213623047,997800
2022-06-14,71.81523895263672,80.75,81.36000061035156,80.16999816894531,81.16999816894531,1090400
2022-06-15,72.71348571777344,81.76000213623047,82.87999725341797,80.80999755859375,80.80999755859375,998800
2022-06-16,70.26777648925781,79.01000213623047,80.7699966430664,78.63999938964844,80.20999908447266,1125000
2022-06-17,71.24606323242188,80.11000061035156,80.86000061035156,78.31999969482422,78.98999786376953,1740600
2022-06-21,73.33604431152344,82.45999908447266,82.91000366210938,80.1500015258789,80.87999725341797,904300
2022-06-22,73.16706848144531,82.2699966430664,83.33999633789062,81.55999755859375,81.81999969482422,815500
2022-06-23,73.86964416503906,83.05999755859375,83.38999938964844,82.31999969482422,82.68000030517578,649700
2022-06-24,76.25312042236328,85.73999786376953,85.91999816894531,83.5999984741211,83.5999984741211,1208400
2022-06-27,76.17308044433594,85.6500015258789,86.41999816894531,84.80999755859375,86.0,607000
2022-06-28,74.87462615966797,84.19000244140625,86.5,84.11000061035156,86.05000305175781,429200
2022-06-29,74.6078109741211,83.88999938964844,84.37000274658203,83.30999755859375,84.0199966430664,489200
2022-06-30,72.82022094726562,81.87999725341797,83.05000305175781,81.41000366210938,83.0,872200
2022-07-01,72.34886169433594,81.3499984741211,81.55000305175781,79.7300033569336,81.5,1199300
2022-07-05,73.07814025878906,82.16999816894531,82.16999816894531,79.4000015258789,80.37000274658203,793100
2022-07-06,73.10480499267578,82.19999694824219,82.79000091552734,80.7699966430664,82.2699966430664,829100
2022-07-07,75.27482604980469,84.63999938964844,84.95999908447266,82.06999969482422,82.27999877929688,988200
2022-07-08,74.51888275146484,83.79000091552734,84.55999755859375,83.16000366210938,84.29000091552734,805800
2022-07-11,73.3805160522461,82.51000213623047,83.87000274658203,82.22000122070312,83.19999694824219,917200
2022-07-12,72.17988586425781,81.16000366210938,83.55999755859375,80.61000061035156,82.4800033569336,868000
2022-07-13,71.9219741821289,80.87000274658203,81.91999816894531,79.23999786376953,79.23999786376953,936400
2022-07-14,70.60572814941406,79.38999938964844,80.16999816894531,78.66999816894531,79.94999694824219,1117900
2022-07-15,70.44564819335938,79.20999908447266,80.08999633789062,77.79000091552734,79.8499984741211,1509000
2022-07-18,70.63241577148438,79.41999816894531,80.3499984741211,79.08999633789062,79.94999694824219,1579900
2022-07-19,71.13045501708984,79.9800033569336,81.80999755859375,77.11000061035156,79.30999755859375,2971500
2022-07-20,72.33106994628906,81.33000183105469,81.81999969482422,79.55999755859375,79.88999938964844,1841800
2022-07-21,75.41712951660156,84.80000305175781,85.08000183105469,80.4800033569336,81.5999984741211,1676500
2022-07-22,72.15320587158203,81.12999725341797,84.11000061035156,80.55999755859375,84.11000061035156,1261500
2022-07-25,69.95651245117188,78.66000366210938,81.27999877929688,78.13999938964844,81.22000122070312,1825200
2022-07-26,68.96041870117188,77.54000091552734,78.62999725341797,77.04000091552734,77.72000122070312,1719400
2022-07-27,69.9476089477539,78.6500015258789,78.69000244140625,76.94000244140625,77.36000061035156,1654100
2022-07-28,70.83695983886719,79.6500015258789,79.9800033569336,78.3499984741211,78.76000213623047,1136700
2022-07-29,70.6305923461914,78.72000122070312,79.41000366210938,78.30000305175781,79.0999984741211,2917900
2022-08-01,71.3125,79.4800033569336,80.43000030517578,77.83000183105469,78.52999877929688,1277400
2022-08-02,70.47806549072266,78.55000305175781,79.47000122070312,78.52999877929688,79.37000274658203,744800
2022-08-03,70.93566131591797,79.05999755859375,79.3499984741211,77.75,78.69999694824219,1077200
2022-08-04,70.80107116699219,78.91000366210938,79.0999984741211,78.3499984741211,78.86000061035156,601000
2022-08-05,69.9038314819336,77.91000366210938,78.62999725341797,77.44000244140625,78.12999725341797,759900
2022-08-08,70.07430267333984,78.0999984741211,78.93000030517578,77.91999816894531,78.30999755859375,490400
2022-08-09,69.94869995117188,77.95999908447266,78.19999694824219,77.20999908447266,77.94999694824219,739600
2022-08-10,70.3883285522461,78.44999694824219,79.1500015258789,78.08999633789062,78.8499984741211,591900
2022-08-11,70.55880737304688,78.63999938964844,79.95999908447266,78.4800033569336,79.30999755859375,790800
2022-08-12,72.29946899414062,80.58000183105469,80.62999725341797,78.69999694824219,79.20999908447266,605700
2022-08-15,72.33535766601562,80.62000274658203,80.88999938964844,79.87000274658203,80.31999969482422,670800
2022-08-16,73.95038604736328,82.41999816894531,82.45999908447266,80.0999984741211,80.41000366210938,733600
2022-08-17,72.90060424804688,81.25,82.18000030517578,80.61000061035156,81.91000366210938,732800
2022-08-18,74.11186981201172,82.5999984741211,83.5999984741211,80.68000030517578,81.48999786376953,934300
2022-08-19,75.3680191040039,84.0,84.19000244140625,81.87999725341797,82.5199966430664,1274300
2022-08-22,73.28643798828125,81.68000030517578,83.16999816894531,81.56999969482422,83.0,1207200
2022-08-23,73.86962890625,82.33000183105469,82.70999908447266,81.55999755859375,82.0,822700
2022-08-24,74.54255676269531,83.08000183105469,83.38999938964844,82.13999938964844,82.5,670700
2022-08-25,74.79377746582031,83.36000061035156,84.12999725341797,82.72000122070312,83.31999969482422,522900
2022-08-26,72.1738510131836,80.44000244140625,83.75,80.44000244140625,83.62999725341797,496400
2022-08-29,71.67139434814453,79.87999725341797,80.48999786376953,79.02999877929688,79.76000213623047,622000
2022-08-30,70.81900787353516,78.93000030517578,80.43000030517578,78.77999877929688,80.31999969482422,548200
2022-08-31,70.72032165527344,78.81999969482422,79.63999938964844,78.5999984741211,79.62999725341797,1238600
2022-09-01,71.09716033935547,79.23999786376953,79.44000244140625,78.01000213623047,78.37000274658203,816500
2022-09-02,70.62162780761719,78.70999908447266,80.9000015258789,78.30000305175781,80.05999755859375,562300
2022-09-06,69.65259552001953,77.62999725341797,78.55000305175781,76.44000244140625,78.0199966430664,1153000
2022-09-07,71.12407684326172,79.2699966430664,79.36000061035156,77.22000122070312,77.55999755859375,1146000
2022-09-08,71.57268524169922,79.7699966430664,79.91000366210938,78.0999984741211,78.9800033569336,788300
2022-09-09,73.0800552368164,81.44999694824219,81.95999908447266,80.45999908447266,80.62000274658203,706400
2022-09-12,73.99524688720703,82.47000122070312,83.25,81.94000244140625,82.0,932900
2022-09-13,71.68035888671875,79.88999938964844,81.37999725341797,79.69999694824219,80.86000061035156,785700
2022-09-14,72.29049682617188,80.56999969482422,80.73999786376953,79.20999908447266,79.87999725341797,1184200
2022-09-15,69.97561645507812,77.98999786376953,81.04000091552734,77.86000061035156,80.83000183105469,1232200
2022-09-16,68.01067352294922,75.80000305175781,77.91000366210938,75.3499984741211,77.91000366210938,1780800
2022-09-19,69.47315216064453,77.43000030517578,77.70999908447266,74.62999725341797,74.7300033569336,803500
2022-09-20,67.29286193847656,75.0,76.72000122070312,74.88999938964844,76.5999984741211,1003700
2022-09-21,67.43643951416016,75.16000366210938,77.4000015258789,75.05000305175781,75.05000305175781,822400
2022-09-22,65.53428649902344,73.04000091552734,75.41999816894531,72.68000030517578,74.94000244140625,764600
2022-09-23,63.69495391845703,70.98999786376953,72.4800033569336,70.22000122070312,72.4800033569336,1031900
2022-09-26,63.81157684326172,71.12000274658203,72.22000122070312,70.68000030517578,70.80000305175781,961400
2022-09-27,62.304229736328125,69.44000244140625,71.73999786376953,68.95999908447266,71.18000030517578,884700
2022-09-28,62.25038146972656,69.37999725341797,69.88999938964844,68.52999877929688,69.70999908447266,979100
2022-09-29,60.91350936889648,67.88999938964844,68.9800033569336,66.91999816894531,68.86000061035156,957800
2022-09-30,60.49179458618164,67.41999816894531,68.83000183105469,67.2699966430664,67.73999786376953,1066800
2022-10-03,61.89149856567383,68.9800033569336,69.62999725341797,66.69999694824219,67.81999969482422,1669800
2022-10-04,63.23735427856445,70.4800033569336,73.27999877929688,66.66999816894531,70.45999908447266,4847900
2022-10-05,61.27240753173828,68.29000091552734,69.25,68.0999984741211,69.01000213623047,1859200
2022-10-06,61.50568389892578,68.55000305175781,69.81999969482422,67.98999786376953,68.12999725341797,1575800
2022-10-07,61.88252639770508,68.97000122070312,69.4000015258789,67.26000213623047,67.87999725341797,1971400
2022-10-10,60.46488952636719,67.38999938964844,69.5199966430664,66.54000091552734,69.33999633789062,1113300
2022-10-11,60.79686737060547,67.76000213623047,68.80999755859375,66.91000366210938,67.30999755859375,1221400
2022-10-12,60.76097869873047,67.72000122070312,68.22000122070312,67.22000122070312,67.69000244140625,925500
2022-10-13,61.09295272827149,68.08999633789062,69.16999816894531,65.83000183105469,66.43000030517578,1369200
2022-10-14,59.75606536865234,66.5999984741211,69.26000213623047,66.4000015258789,69.12999725341797,2163600
2022-10-17,60.75199890136719,67.70999908447266,68.25,67.19000244140625,67.83999633789062,2210000
2022-10-18,59.00238800048828,65.76000213623047,68.79000091552734,65.44000244140625,68.23999786376953,3023900
2022-10-19,58.17692565917969,64.83999633789062,66.94000244140625,64.37000274658203,65.83999633789062,2590600
2022-10-20,57.52194595336914,64.11000061035156,65.91999816894531,63.59999847412109,64.87999725341797,1727000
2022-10-21,58.7601318359375,65.48999786376953,65.62999725341797,63.4900016784668,63.84999847412109,1627000
2022-10-24,58.867801666259766,65.61000061035156,66.87999725341797,65.4000015258789,65.52999877929688,1343600
2022-10-25,60.08804321289063,66.97000122070312,67.05999755859375,65.62999725341797,65.73999786376953,976800
2022-10-26,59.28053283691406,66.06999969482422,67.69000244140625,65.52999877929688,66.94000244140625,1244100
2022-10-27,58.4191780090332,65.11000061035156,67.36000061035156,65.0199966430664,66.36000061035156,1240900
2022-10-28,58.97547912597656,65.7300033569336,66.11000061035156,64.80000305175781,65.08000183105469,1875700
2022-10-31,59.17498397827149,65.25,65.69999694824219,64.63999938964844,64.97000122070312,1256900
2022-11-01,58.99361038208008,65.05000305175781,66.5199966430664,64.73999786376953,66.18000030517578,850700
2022-11-02,56.798919677734375,62.630001068115234,65.26000213623047,62.619998931884766,65.12999725341797,1175700
2022-11-03,55.51112365722656,61.209999084472656,62.43999862670898,59.869998931884766,62.060001373291016,1665300
2022-11-04,56.399879455566406,62.18999862670898,63.619998931884766,61.209999084472656,61.93000030517578,1540000
2022-11-07,56.60846710205078,62.41999816894531,63.0,61.90999984741211,62.66999816894531,1408800
2022-11-08,55.67436599731445,61.38999938964844,63.150001525878906,60.90999984741211,62.560001373291016,1382800
2022-11-09,52.56371688842773,57.959999084472656,61.09000015258789,57.58000183105469,60.93000030517578,1631800
2022-11-10,54.7674674987793,60.38999938964844,60.40999984741211,59.470001220703125,59.65999984741211,2082000
2022-11-11,57.50630187988281,63.40999984741211,63.540000915527344,60.52000045776367,60.7400016784668,1359700
2022-11-14,51.83819961547852,57.15999984741211,59.52000045776367,57.13999938964844,58.11000061035156,4553200
2022-11-15,53.24388885498047,58.709999084472656,58.9900016784668,57.959999084472656,57.9900016784668,2102200
2022-11-16,50.75899124145508,55.970001220703125,58.209999084472656,55.150001525878906,58.150001525878906,2424400
2022-11-17,52.98088455200195,58.41999816894531,58.43999862670898,55.56999969482422,55.720001220703125,1825200
2022-11-18,53.978477478027344,59.52000045776367,60.59000015258789,59.20000076293945,59.20000076293945,1912400
2022-11-21,53.64292144775391,59.150001525878906,59.869998931884766,58.68000030517578,59.38999938964844,1263900
2022-11-22,55.55646896362305,61.2599983215332,61.31999969482422,59.38999938964844,59.52999877929688,1282000
2022-11-23,56.37267303466797,62.15999984741211,62.91999816894531,61.27999877929688,61.29999923706055,1047100
2022-11-25,56.31826019287109,62.09999847412109,62.720001220703125,62.08000183105469,62.16999816894531,509900
2022-11-28,56.018985748291016,61.77000045776367,62.18000030517578,61.060001373291016,61.150001525878906,991000
2022-11-29,56.381744384765625,62.16999816894531,63.11000061035156,61.5099983215332,61.810001373291016,1073600
2022-11-30,56.971229553222656,62.81999969482422,63.040000915527344,60.33000183105469,62.02999877929688,2876300
2022-12-01,57.37026596069336,63.2599983215332,64.36000061035156,62.84999847412109,63.11000061035156,2520000
2022-12-02,57.41560745239258,63.310001373291016,63.709999084472656,62.650001525878906,63.0099983215332,1245300
2022-12-05,57.35213088989258,63.2400016784668,63.68999862670898,62.56999969482422,63.09000015258789,1413500
2022-12-06,54.93070983886719,60.56999969482422,63.59000015258789,59.59999847412109,63.470001220703125,2034300
2022-12-07,54.45005798339844,60.040000915527344,61.7599983215332,59.97999954223633,60.7400016784668,1273900
2022-12-08,54.45912551879883,60.04999923706055,61.63999938964844,59.880001068115234,61.0,1799800
2022-12-09,53.95126724243164,59.4900016784668,60.43999862670898,59.459999084472656,60.02999877929688,1400900
2022-12-12,54.41378021240234,60.0,60.04999923706055,59.09999847412109,59.560001373291016,1649500
2022-12-13,55.02140045166016,60.66999816894531,62.7599983215332,60.220001220703125,61.88999938964844,1941500
2022-12-14,54.37751007080078,59.959999084472656,61.02999877929688,59.310001373291016,60.5099983215332,1794300
2022-12-15,53.70640563964844,59.220001220703125,59.54999923706055,58.54999923706055,59.18999862670898,1833700
2022-12-16,52.473026275634766,57.86000061035156,59.22999954223633,57.220001220703125,58.97999954223633,3318000
2022-12-19,50.7045783996582,55.90999984741211,57.90999984741211,55.65999984741211,57.720001220703125,2430500
2022-12-20,49.68885040283203,54.790000915527344,55.7400016784668,54.650001525878906,55.61000061035156,2735000
2022-12-21,52.327919006347656,57.70000076293945,58.0,55.16999816894531,55.16999816894531,2654900
2022-12-22,52.327919006347656,57.70000076293945,57.77000045776367,55.84000015258789,57.22999954223633,1944900
2022-12-23,52.79043197631836,58.209999084472656,58.2599983215332,57.45000076293945,57.880001068115234,1146300
2022-12-27,53.35271453857422,58.83000183105469,59.040000915527344,57.66999816894531,58.27000045776367,917800
2022-12-28,52.79950714111328,58.220001220703125,59.459999084472656,58.0,58.970001220703125,1068200
2022-12-29,55.31161117553711,60.9900016784668,61.119998931884766,58.630001068115234,58.77000045776367,1603800
2022-12-30,55.32974624633789,61.0099983215332,61.119998931884766,60.15999984741211,60.27999877929688,1274000
2023-01-03,56.18223190307617,61.95000076293945,62.04999923706055,61.220001220703125,61.58000183105469,1681500
2023-01-04,56.32733917236328,62.11000061035156,62.810001373291016,61.59000015258789,62.04999923706055,1734800
2023-01-05,57.40653610229492,63.29999923706055,63.41999816894531,61.61000061035156,61.900001525878906,1666200
2023-01-06,58.82129669189453,64.86000061035156,65.30999755859375,63.459999084472656,63.59000015258789,1397200
2023-01-09,57.76929473876953,63.70000076293945,64.94000244140625,63.56999969482422,64.88999938964844,1193800
2023-01-10,58.47667694091797,64.4800033569336,64.55999755859375,63.5,63.63999938964844,1320300
2023-01-11,59.79167556762695,65.93000030517578,66.22000122070312,65.0,65.02999877929688,1770700
2023-01-12,59.74633026123047,65.87999725341797,66.25,64.86000061035156,66.25,1039800
2023-01-13,59.873291015625,66.0199966430664,66.16999816894531,64.9000015258789,65.11000061035156,914300
2023-01-17,59.32915115356445,65.41999816894531,65.9000015258789,64.87999725341797,65.68000030517578,1378700
2023-01-18,58.19553756713867,64.16999816894531,65.62999725341797,64.0,65.5,1271400
2023-01-19,55.81040573120117,61.540000915527344,63.91999816894531,61.040000915527344,63.70000076293945,1516100
2023-01-20,57.42467498779297,63.31999969482422,63.41999816894531,61.56999969482422,61.59999847412109,1322600
2023-01-23,58.95734024047852,65.01000213623047,65.08999633789062,63.310001373291016,63.79999923706055,1538700
2023-01-24,57.87812805175781,63.81999969482422,65.38999938964844,63.650001525878906,64.87000274658203,978900
2023-01-25,58.13206100463867,64.0999984741211,64.12000274658203,62.63999938964844,63.5,950400
2023-01-26,57.84185028076172,63.77999877929688,65.20999908447266,63.43999862670898,64.91999816894531,1138000
2023-01-27,53.15319442749024,58.61000061035156,61.68999862670898,58.40999984741211,59.84000015258789,7005800
2023-01-30,53.45246887207031,58.93999862670898,59.540000915527344,58.130001068115234,58.36000061035156,3556000
2023-01-31,54.30602645874024,59.16999816894531,59.58000183105469,57.95000076293945,58.540000915527344,8146900
2023-02-01,55.28806686401367,60.2400016784668,60.470001220703125,58.09999847412109,58.58000183105469,2397600
2023-02-02,58.05063247680664,63.25,63.9900016784668,60.09000015258789,60.83000183105469,2553300
2023-02-03,56.65557861328125,61.72999954223633,63.150001525878906,61.68000030517578,61.869998931884766,1185900
2023-02-06,55.5542221069336,60.52999877929688,60.97999954223633,59.61000061035156,60.77999877929688,1462900
2023-02-07,55.22381591796875,60.16999816894531,60.34999847412109,58.68999862670898,60.290000915527344,1102900
2023-02-08,54.48958206176758,59.369998931884766,60.220001220703125,59.15999984741211,59.77999877929688,1489300
2023-02-09,52.15838241577149,56.83000183105469,59.18999862670898,56.77000045776367,59.18999862670898,2514700
2023-02-10,52.66316986083984,57.380001068115234,57.84000015258789,56.54999923706055,56.65999984741211,1279000
2023-02-13,53.88383865356445,58.709999084472656,58.72999954223633,57.29999923706055,57.59999847412109,1395600
2023-02-14,53.33315658569336,58.11000061035156,58.56999969482422,56.95000076293945,58.209999084472656,1330500
2023-02-15,53.58095932006836,58.380001068115234,58.41999816894531,56.86000061035156,57.5099983215332,2137100
2023-02-16,53.65438461303711,58.459999084472656,61.34000015258789,58.34999847412109,59.70000076293945,2680700
2023-02-17,54.48040008544922,59.36000061035156,59.43000030517578,58.16999816894531,58.380001068115234,2593400
2023-02-21,51.75454711914063,56.38999938964844,59.0099983215332,56.310001373291016,58.900001525878906,2739900
2023-02-22,52.86507797241211,57.59999847412109,57.650001525878906,56.38999938964844,56.4900016784668,2440100
2023-02-23,52.37864685058594,57.06999969482422,57.97999954223633,56.0099983215332,57.63999938964844,1457700
2023-02-24,51.79126739501953,56.43000030517578,56.56999969482422,54.97999954223633,56.08000183105469,1743500
2023-02-27,50.74496841430664,55.290000915527344,57.040000915527344,55.11000061035156,56.7599983215332,1606500
2023-02-28,50.48798751831055,55.0099983215332,55.93999862670898,54.7599983215332,55.34000015258789,2133900
2023-03-01,50.001564025878906,54.47999954223633,55.22999954223633,54.27999877929688,54.869998931884766,1584400
2023-03-02,50.54305648803711,55.06999969482422,55.09999847412109,53.81999969482422,54.09999847412109,1004900
2023-03-03,51.047847747802734,55.619998931884766,55.72999954223633,55.02000045776367,55.58000183105469,1015300
2023-03-06,49.726219177246094,54.18000030517578,56.0,54.06999969482422,55.91999816894531,1136200
2023-03-07,47.71624374389648,51.9900016784668,54.31999969482422,51.84000015258789,54.2599983215332,2071200
2023-03-08,48.41376495361328,52.75,52.86000061035156,51.709999084472656,52.0,2085900
2023-03-09,47.00036239624024,51.209999084472656,53.34000015258789,51.150001525878906,52.65999984741211,2294000
2023-03-10,45.16476821899414,49.209999084472656,51.43999862670898,48.68000030517578,51.40999984741211,2385700
2023-03-13,43.71464920043945,47.630001068115234,48.84999847412109,47.08000183105469,48.5,3552100
2023-03-14,43.27410888671875,47.150001525878906,48.77999877929688,46.790000915527344,48.27000045776367,2616200
2023-03-15,43.448486328125,47.34000015258789,47.41999816894531,45.75,46.45000076293945,3122500
2023-03-16,44.07259368896485,48.02000045776367,48.06999969482422,46.02000045776367,46.59999847412109,3032200
2023-03-17,44.05423355102539,48.0,48.060001373291016,46.65999984741211,47.630001068115234,6806600
2023-03-20,44.40299987792969,48.380001068115234,49.41999816894531,48.22999954223633,48.52999877929688,1941100
2023-03-21,45.64202499389648,49.72999954223633,50.060001373291016,49.040000915527344,49.040000915527344,1421900
2023-03-22,44.90778732299805,48.93000030517578,50.5,48.91999816894531,50.0099983215332,1473300
2023-03-23,44.6416244506836,48.63999938964844,49.459999084472656,48.040000915527344,49.209999084472656,1542500
2023-03-24,45.00874710083008,49.040000915527344,49.29999923706055,48.310001373291016,48.400001525878906,1363200
2023-03-27,46.04585266113281,50.16999816894531,50.380001068115234,49.18999862670898,49.540000915527344,1767500
2023-03-28,46.33036804199219,50.47999954223633,50.630001068115234,49.81999969482422,50.13999938964844,1002300
2023-03-29,47.72541427612305,52.0,52.150001525878906,50.81999969482422,51.15999984741211,1798300
2023-03-30,48.05582809448242,52.36000061035156,53.470001220703125,52.220001220703125,52.619998931884766,2123200
2023-03-31,49.276493072509766,53.68999862670898,53.77000045776367,52.470001220703125,52.970001220703125,2110800
2023-04-03,48.54225540161133,52.88999938964844,53.959999084472656,52.52999877929688,53.59999847412109,1500700
2023-04-04,48.06501007080078,52.369998931884766,53.369998931884766,52.220001220703125,53.2599983215332,1400100
2023-04-05,47.670352935791016,51.93999862670898,52.540000915527344,51.56999969482422,52.0,1472100
2023-04-06,47.66117477416992,51.93000030517578,52.22999954223633,51.54999923706055,51.7599983215332,932100
2023-04-10,47.918155670166016,52.209999084472656,52.52000045776367,51.59999847412109,51.66999816894531,1007700
2023-04-11,48.10171890258789,52.40999984741211,53.06999969482422,52.34999847412109,52.470001220703125,1188000
2023-04-12,47.08295822143555,51.29999923706055,53.08000183105469,51.09999847412109,52.95000076293945,1634900
2023-04-13,48.31281280517578,52.63999938964844,52.88999938964844,51.59999847412109,51.63999938964844,2278500
2023-04-14,48.09254455566406,52.400001525878906,53.09999847412109,52.2599983215332,53.0,1879400
2023-04-17,48.707462310791016,53.06999969482422,53.18999862670898,52.34999847412109,52.52999877929688,1668200
2023-04-18,48.432125091552734,52.77000045776367,53.25,52.470001220703125,53.18000030517578,1660600
2023-04-19,48.18431854248047,52.5,52.56999969482422,52.02000045776367,52.5,1615300
2023-04-20,47.07378768920898,51.290000915527344,52.38999938964844,50.97999954223633,52.09999847412109,1762000
2023-04-21,47.44089889526367,51.68999862670898,51.81999969482422,51.119998931884766,51.290000915527344,1280200
2023-04-24,47.47761535644531,51.72999954223633,51.880001068115234,51.040000915527344,51.720001220703125,1757800
2023-04-25,46.844337463378906,51.040000915527344,51.66999816894531,50.77000045776367,51.5,1811100
2023-04-26,47.18391799926758,51.40999984741211,51.459999084472656,50.88999938964844,50.93000030517578,2663800
2023-04-27,54.085750579833984,58.93000030517578,59.060001373291016,54.86000061035156,55.0,5627100
2023-04-28,55.00529098510742,59.220001220703125,61.34999847412109,58.90999984741211,59.400001525878906,3469800
2023-05-01,54.46657180786133,58.63999938964844,58.9900016784668,57.9900016784668,58.84000015258789,2165800
2023-05-02,54.38297653198242,58.54999923706055,58.93000030517578,57.93000030517578,58.59999847412109,1742400
2023-05-03,55.4789924621582,59.72999954223633,60.470001220703125,58.29999923706055,58.47999954223633,1983600
2023-05-04,55.646183013916016,59.90999984741211,60.150001525878906,58.540000915527344,59.63999938964844,2134800
2023-05-05,56.082740783691406,60.380001068115234,60.79999923706055,59.68000030517578,60.47999954223633,1823800
2023-05-08,55.23749923706055,59.470001220703125,60.4900016784668,59.0,60.380001068115234,1820800
2023-05-09,55.40468978881836,59.650001525878906,59.790000915527344,58.970001220703125,59.02000045776367,1174800
2023-05-10,55.711204528808594,59.97999954223633,60.5099983215332,59.43000030517578,60.470001220703125,1262500
2023-05-11,55.74835205078125,60.02000045776367,60.209999084472656,59.4900016784668,59.7599983215332,1386700
2023-05-12,56.8350830078125,61.18999862670898,61.290000915527344,60.0,60.25,1590500
2023-05-15,57.921817779541016,62.36000061035156,62.65999984741211,61.22999954223633,61.2400016784668,1988200
2023-05-16,57.42024230957031,61.81999969482422,62.02999877929688,60.81999969482422,61.84000015258789,1372100
2023-05-17,57.57815170288086,61.9900016784668,62.209999084472656,61.18999862670898,62.09000015258789,1646900
2023-05-18,57.587432861328125,62.0,62.119998931884766,61.18000030517578,61.880001068115234,982200
2023-05-19,56.02700424194336,60.31999969482422,62.709999084472656,59.97999954223633,62.04999923706055,1962700
2023-05-22,56.110599517822266,60.40999984741211,60.619998931884766,59.81999969482422,60.459999084472656,1150300
2023-05-23,56.46355056762695,60.790000915527344,61.31999969482422,59.880001068115234,60.130001068115234,1232900
2023-05-24,56.2127685546875,60.52000045776367,60.93000030517578,59.959999084472656,60.88999938964844,1151000
2023-05-25,55.46970748901367,59.720001220703125,60.650001525878906,59.36000061035156,60.650001525878906,1316100
2023-05-26,55.7947998046875,60.06999969482422,61.119998931884766,59.36000061035156,59.650001525878906,1271200
2023-05-30,56.13846206665039,60.43999862670898,60.720001220703125,59.79999923706055,60.59999847412109,1145500
2023-05-31,55.12604141235352,59.34999847412109,60.18000030517578,58.880001068115234,60.02000045776367,2988700
2023-06-01,55.74835205078125,60.02000045776367,60.18999862670898,58.459999084472656,58.459999084472656,1695200
2023-06-02,55.74835205078125,60.02000045776367,60.77999877929688,59.900001525878906,60.70000076293945,1635100
2023-06-05,55.62760925292969,59.88999938964844,60.34999847412109,59.68999862670898,60.18000030517578,1328800
2023-06-06,55.67404556274414,59.93999862670898,60.5099983215332,59.68999862670898,60.31999969482422,1192500
2023-06-07,56.78864288330078,61.13999938964844,61.470001220703125,60.04999923706055,60.310001373291016,1193000
2023-06-08,56.7421989440918,61.09000015258789,61.52999877929688,60.38999938964844,61.0099983215332,859500
2023-06-09,55.999141693115234,60.290000915527344,61.619998931884766,60.209999084472656,61.2400016784668,884000
2023-06-12,57.383087158203125,61.77999877929688,61.869998931884766,60.290000915527344,60.43999862670898,1066500
2023-06-13,58.39551544189453,62.869998931884766,62.900001525878906,61.5,61.77999877929688,1353100
2023-06-14,57.50384140014648,61.90999984741211,63.869998931884766,61.86000061035156,63.130001068115234,2125900
2023-06-15,57.2437744140625,61.630001068115234,62.040000915527344,61.15999984741211,61.61000061035156,1680900
2023-06-16,57.07658386230469,61.45000076293945,62.27000045776367,61.060001373291016,61.90999984741211,2347100
2023-06-20,57.095157623291016,61.470001220703125,61.68999862670898,60.75,61.09000015258789,1351800
2023-06-21,55.91554641723633,60.20000076293945,61.27999877929688,60.15999984741211,61.220001220703125,1389700
2023-06-22,55.980560302734375,60.27000045776367,60.380001068115234,59.84000015258789,60.06999969482422,872400
2023-06-23,55.72977828979492,60.0,60.15999984741211,59.040000915527344,59.810001373291016,2096300
2023-06-26,56.64003372192383,60.97999954223633,61.040000915527344,60.27000045776367,60.27000045776367,807500
2023-06-27,58.14473342895508,62.59999847412109,62.68000030517578,61.040000915527344,61.06999969482422,989800
2023-06-28,58.767051696777344,63.27000045776367,63.27000045776367,62.27000045776367,62.61000061035156,1253800
2023-06-29,59.28719711303711,63.83000183105469,63.9900016784668,63.16999816894531,63.27000045776367,1350400
2023-06-30,60.16029357910156,64.7699966430664,65.0,64.11000061035156,64.55999755859375,1272600
2023-07-03,60.17886734008789,64.79000091552734,65.16000366210938,64.69000244140625,64.72000122070312,735600
2023-07-05,59.66801071166992,64.23999786376953,64.61000061035156,63.81999969482422,64.44999694824219,1398900
2023-07-06,59.723751068115234,64.30000305175781,64.3499984741211,62.84999847412109,63.34999847412109,1477300
2023-07-07,59.96523666381836,64.55999755859375,65.22000122070312,64.0,64.19999694824219,1619800
2023-07-10,59.51940536499024,64.08000183105469,65.0,63.93999862670898,64.58000183105469,1988400
2023-07-11,60.197452545166016,64.80999755859375,64.8499984741211,63.47999954223633,64.08999633789062,1376200
2023-07-12,60.271759033203125,64.88999938964844,65.44999694824219,64.58999633789062,65.30000305175781,1594300
2023-07-13,60.71759414672852,65.37000274658203,65.69000244140625,64.73999786376953,65.12000274658203,1143300
2023-07-14,59.53798294067383,64.0999984741211,65.3499984741211,63.84999847412109,65.3499984741211,1032000
2023-07-17,59.445098876953125,64.0,64.45999908447266,63.2599983215332,64.08000183105469,2049800
2023-07-18,58.70203399658203,63.20000076293945,64.87999725341797,62.93000030517578,64.18000030517578,1367000
2023-07-19,60.01168823242188,64.61000061035156,64.72000122070312,63.310001373291016,63.470001220703125,1527000
2023-07-20,59.296478271484375,63.84000015258789,64.58000183105469,63.11000061035156,64.5,1033400
2023-07-21,59.40794372558594,63.959999084472656,64.4000015258789,63.380001068115234,64.11000061035156,1033500
2023-07-24,60.355350494384766,64.9800033569336,65.05000305175781,63.91999816894531,64.30000305175781,1178400
2023-07-25,59.12929153442383,63.65999984741211,64.98999786376953,63.58000183105469,64.98999786376953,1139400
2023-07-26,59.500823974609375,64.05999755859375,64.0999984741211,63.209999084472656,63.5,906400
2023-07-27,58.40481185913086,62.880001068115234,64.5999984741211,62.66999816894531,64.25,1512600
2023-07-28,58.23762130737305,62.70000076293945,63.79999923706055,62.400001525878906,63.79999923706055,1485100
2023-07-31,60.64226150512695,64.55999755859375,65.1500015258789,63.459999084472656,64.52999877929688,6328700
2023-08-01,60.63287353515625,64.55000305175781,65.0,64.12000274658203,64.16000366210938,1410700
2023-08-02,60.46380233764648,64.37000274658203,64.51000213623047,63.66999816894531,64.38999938964844,2365300
2023-08-03,61.14010238647461,65.08999633789062,67.88999938964844,64.48999786376953,66.0,4085000
2023-08-04,59.88142013549805,63.75,65.18000030517578,63.25,65.16000366210938,2377100
2023-08-07,60.84891128540039,64.77999877929688,64.95999908447266,63.380001068115234,63.66999816894531,1771600
2023-08-08,61.694297790527344,65.68000030517578,65.76000213623047,64.01000213623047,64.16000366210938,1702400
2023-08-09,62.05123901367188,66.05999755859375,66.5,65.47000122070312,65.69999694824219,1267900
2023-08-10,61.14010238647461,65.08999633789062,66.62999725341797,65.04000091552734,66.41999816894531,865400
2023-08-11,61.778839111328125,65.7699966430664,65.94000244140625,64.69999694824219,65.0,900800
2023-08-14,61.637943267822266,65.62000274658203,65.7699966430664,64.43000030517578,65.51000213623047,1459000
2023-08-15,60.14442825317383,64.02999877929688,65.55000305175781,63.84000015258789,65.1500015258789,1445500
2023-08-16,60.7174072265625,64.63999938964844,65.06999969482422,63.75,63.7599983215332,914000
2023-08-17,59.81567001342773,63.68000030517578,65.58000183105469,63.66999816894531,64.87000274658203,893900
2023-08-18,59.890811920166016,63.7599983215332,63.95000076293945,62.79999923706055,63.08000183105469,760700
2023-08-21,59.41176223754883,63.25,64.22000122070312,63.02000045776367,63.59999847412109,898900
2023-08-22,63.60110092163086,67.70999908447266,68.48999786376953,65.44999694824219,65.48999786376953,4019200
2023-08-23,62.78390121459961,66.83999633789062,67.55000305175781,66.30999755859375,66.97000122070312,1645500
2023-08-24,61.94791412353516,65.94999694824219,66.80999755859375,65.63999938964844,66.63999938964844,1713500
2023-08-25,65.45156860351562,69.68000030517578,70.37999725341797,67.87000274658203,68.0999984741211,3366300
2023-08-28,66.36271667480469,70.6500015258789,70.88999938964844,69.44999694824219,69.86000061035156,2088100
2023-08-29,66.68207550048828,70.98999786376953,71.20999908447266,69.9000015258789,70.6500015258789,1517000
2023-08-30,67.09537506103516,71.43000030517578,71.45999908447266,70.62000274658203,71.33999633789062,1055300
2023-08-31,67.63077545166016,72.0,72.63999938964844,71.4000015258789,71.66000366210938,1427500
2023-09-01,68.37284851074219,72.79000091552734,72.94000244140625,72.01000213623047,72.37999725341797,1253600
2023-09-05,68.23193359375,72.63999938964844,72.91000366210938,71.55000305175781,72.66000366210938,2212900
2023-09-06,68.49495697021484,72.91999816894531,73.58000183105469,72.45999908447266,72.63999938964844,2374100
2023-09-07,66.08090209960938,70.3499984741211,72.52999877929688,69.5199966430664,72.45999908447266,2835400
2023-09-08,65.69579315185547,69.94000244140625,70.41999816894531,69.61000061035156,70.23999786376953,1952600
2023-09-11,65.51731872558594,69.75,70.91999816894531,69.5199966430664,70.22000122070312,1402700
2023-09-12,66.09030151367188,70.36000061035156,70.91000366210938,69.73999786376953,70.0199966430664,1140800
2023-09-13,64.9819107055664,69.18000030517578,70.5999984741211,68.93000030517578,70.33000183105469,1765300
2023-09-14,63.99563217163086,68.12999725341797,69.61000061035156,68.11000061035156,69.4800033569336,1678800
2023-09-15,62.34242630004883,66.37000274658203,67.69000244140625,66.25,67.41000366210938,3894100
2023-09-18,62.004276275634766,66.01000213623047,66.9000015258789,65.79000091552734,66.47000122070312,1500300
2023-09-19,62.25788879394531,66.27999877929688,66.5199966430664,65.70999908447266,65.8499984741211,945600
2023-09-20,62.61483001708984,66.66000366210938,67.30000305175781,66.26000213623047,66.26000213623047,991200
2023-09-21,62.45514678955078,66.48999786376953,67.05999755859375,66.22000122070312,66.30999755859375,860500
2023-09-22,61.27161407470703,65.2300033569336,66.87999725341797,65.16000366210938,66.5199966430664,1032700
2023-09-25,62.61483001708984,66.66000366210938,67.0199966430664,65.06999969482422,65.2300033569336,1460400
2023-09-26,61.30917739868164,65.2699966430664,66.44000244140625,65.22000122070312,66.08999633789062,914800
2023-09-27,61.046165466308594,64.98999786376953,66.69999694824219,64.70999908447266,66.54000091552734,1876700
2023-09-28,61.600372314453125,65.58000183105469,65.6500015258789,64.58000183105469,64.7300033569336,1151300
2023-09-29,62.12638854980469,66.13999938964844,66.58999633789062,65.68000030517578,66.11000061035156,996100
2023-10-02,60.37925720214844,64.27999877929688,65.91000366210938,64.0999984741211,65.77999877929688,1454400
2023-10-03,59.16754150390625,62.9900016784668,64.20999908447266,62.709999084472656,64.05000305175781,1863700
2023-10-04,58.5100212097168,62.290000915527344,63.29999923706055,61.86000061035156,62.900001525878906,1500500
2023-10-05,56.274444580078125,59.90999984741211,62.150001525878906,59.869998931884766,62.150001525878906,1492500
2023-10-06,55.19423294067383,58.7599983215332,59.72999954223633,57.75,59.540000915527344,1814500
2023-10-09,55.17544555664063,58.7400016784668,58.84000015258789,57.84000015258789,58.720001220703125,1138200
2023-10-10,55.94568634033203,59.560001373291016,60.06999969482422,58.7400016784668,58.79999923706055,1698400
2023-10-11,54.70578384399414,58.2400016784668,59.90999984741211,57.83000183105469,59.65999984741211,1796500
2023-10-12,52.26356506347656,55.63999938964844,58.34000015258789,55.2599983215332,58.2400016784668,2433900
2023-10-13,52.59233093261719,55.9900016784668,56.18999862670898,54.880001068115234,55.38999938964844,1679300
2023-10-16,53.37195587158203,56.81999969482422,57.40999984741211,55.88999938964844,56.459999084472656,1361600
2023-10-17,54.86547470092773,58.40999984741211,59.0099983215332,56.290000915527344,56.59999847412109,2273900
2023-10-18,54.489742279052734,58.0099983215332,58.369998931884766,57.5099983215332,58.09999847412109,1052000
2023-10-19,53.1840934753418,56.619998931884766,58.06999969482422,56.4900016784668,57.95000076293945,960200
2023-10-20,52.65807723999024,56.060001373291016,56.7599983215332,55.08000183105469,56.41999816894531,1406500
2023-10-23,50.91095352172852,54.20000076293945,55.619998931884766,54.0,55.619998931884766,1729800
2023-10-24,51.65300750732422,54.9900016784668,55.25,54.220001220703125,54.290000915527344,1412400
2023-10-25,51.42757034301758,54.75,54.84999847412109,53.77000045776367,54.61000061035156,1787400
2023-10-26,45.43473815917969,48.369998931884766,50.27999877929688,46.369998931884766,46.560001373291016,7713600
2023-10-27,43.05826568603516,45.84000015258789,48.380001068115234,45.52000045776367,48.34999847412109,3606200
2023-10-30,42.30681228637695,45.040000915527344,47.31999969482422,44.70000076293945,46.220001220703125,4806300
2023-10-31,43.07966995239258,45.150001525878906,45.68000030517578,43.290000915527344,44.27999877929688,4885200
2023-11-01,43.919315338134766,46.02999877929688,46.27999877929688,44.65999984741211,45.0099983215332,2260900
2023-11-02,44.37730407714844,46.5099983215332,47.52999877929688,46.18999862670898,46.5,1843000
2023-11-03,44.7875862121582,46.93999862670898,47.83000183105469,46.540000915527344,47.310001373291016,1997200
2023-11-06,43.72848510742188,45.83000183105469,47.380001068115234,45.630001068115234,47.09999847412109,1932700
2023-11-07,43.35636901855469,45.43999862670898,46.02999877929688,45.400001525878906,45.5,1592200
2023-11-08,42.02056884765625,44.040000915527344,45.5,43.97999954223633,45.47999954223633,2358900
2023-11-09,41.276329040527344,43.2599983215332,44.52999877929688,43.220001220703125,44.29999923706055,1758900
2023-11-10,41.13321304321289,43.11000061035156,43.369998931884766,42.65999984741211,43.209999084472656,1688800
2023-11-13,40.91375732421875,42.880001068115234,43.41999816894531,42.68999862670898,43.0,2155000
2023-11-14,43.05104064941406,45.119998931884766,45.720001220703125,43.86000061035156,43.90999984741211,1777300
2023-11-15,44.68263244628906,46.83000183105469,47.20000076293945,45.13999938964844,45.209999084472656,3188600
2023-11-16,43.06058120727539,45.130001068115234,46.959999084472656,44.709999084472656,46.72999954223633,1502200
2023-11-17,43.07966995239258,45.150001525878906,45.65999984741211,44.68999862670898,45.63999938964844,1183300
2023-11-20,42.62167739868164,44.66999816894531,45.29999923706055,44.20000076293945,45.27000045776367,1358200
2023-11-21,43.012882232666016,45.08000183105469,45.369998931884766,43.7400016784668,44.34999847412109,1830500
2023-11-22,43.528114318847656,45.619998931884766,46.0099983215332,45.060001373291016,45.060001373291016,1341600
2023-11-24,44.033817291259766,46.150001525878906,46.20000076293945,45.540000915527344,45.790000915527344,482100
2023-11-27,43.2800407409668,45.36000061035156,45.900001525878906,45.22999954223633,45.88999938964844,1179900
2023-11-28,43.613990783691406,45.709999084472656,46.040000915527344,44.84999847412109,45.27000045776367,1488400
2023-11-29,44.30097198486328,46.43000030517578,46.81999969482422,46.0,46.0,1674500
2023-11-30,44.28189086914063,46.40999984741211,46.86000061035156,46.04999923706055,46.5099983215332,3006000
2023-12-01,46.23788833618164,48.459999084472656,48.68000030517578,45.869998931884766,46.15999984741211,1980400
2023-12-04,46.7817497253418,49.02999877929688,49.900001525878906,48.36000061035156,48.36000061035156,2611300
2023-12-05,45.77035903930664,47.970001220703125,48.9900016784668,47.84000015258789,48.90999984741211,1691500
2023-12-06,45.655860900878906,47.84999847412109,48.65999984741211,47.58000183105469,48.06999969482422,1148800
2023-12-07,46.47642135620117,48.709999084472656,48.880001068115234,47.41999816894531,48.02000045776367,1515000
2023-12-08,46.46688461303711,48.70000076293945,49.22999954223633,48.369998931884766,48.52999877929688,1528900
2023-12-11,46.64817428588867,48.88999938964844,49.18999862670898,48.150001525878906,48.79999923706055,1745100
2023-12-12,46.15201568603516,48.369998931884766,49.02000045776367,47.09000015258789,47.720001220703125,3715500
2023-12-13,47.57369613647461,49.86000061035156,50.5099983215332,47.83000183105469,48.369998931884766,3298900
2023-12-14,48.9381217956543,51.290000915527344,51.90999984741211,50.34000015258789,50.810001373291016,2461000
2023-12-15,48.06985092163086,50.380001068115234,51.369998931884766,49.86000061035156,51.15999984741211,3288400
2023-12-18,49.58694076538086,51.970001220703125,52.56999969482422,49.7599983215332,50.25,2304100
2023-12-19,49.02399444580078,51.380001068115234,52.59000015258789,51.31999969482422,52.209999084472656,1860300
2023-12-20,47.707275390625,50.0,51.84000015258789,49.9900016784668,51.27999877929688,1779400
2023-12-21,48.73775100708008,51.08000183105469,51.2599983215332,50.43000030517578,50.52000045776367,1136100
2023-12-22,48.68050384521485,51.02000045776367,51.75,50.68000030517578,50.9900016784668,842200
2023-12-26,49.0430793762207,51.400001525878906,51.5099983215332,50.72999954223633,50.97999954223633,952200
2023-12-27,48.661415100097656,51.0,51.52999877929688,50.459999084472656,51.43000030517578,844800
2023-12-28,49.10986709594727,51.470001220703125,51.5099983215332,50.58000183105469,50.79999923706055,947100
2023-12-29,48.71866989135742,51.060001373291016,51.59000015258789,50.77000045776367,51.220001220703125,863400
2024-01-02,47.61186218261719,49.900001525878906,51.16999816894531,49.68999862670898,50.27999877929688,1812500
2024-01-03,45.90393829345703,48.11000061035156,49.400001525878906,47.84999847412109,49.400001525878906,2140600
2024-01-04,46.14247131347656,48.36000061035156,48.43000030517578,47.38999938964844,47.84000015258789,1452000
2024-01-05,46.16156005859375,48.380001068115234,48.83000183105469,47.9900016784668,48.25,1393600
2024-01-08,47.57369613647461,49.86000061035156,50.02000045776367,48.34999847412109,48.41999816894531,1677100
2024-01-09,47.80268859863281,50.09999847412109,50.18999862670898,49.09999847412109,49.40999984741211,1591000
2024-01-10,48.422882080078125,50.75,50.83000183105469,50.040000915527344,50.220001220703125,1583400
2024-01-11,47.230201721191406,49.5,50.68000030517578,48.65999984741211,50.68000030517578,2155400
2024-01-12,46.38101196289063,48.61000061035156,50.119998931884766,48.20000076293945,49.84999847412109,1310400
2024-01-16,44.94979095458984,47.11000061035156,48.25,46.650001525878906,48.2400016784668,2041700
2024-01-17,45.07383346557617,47.2400016784668,47.27000045776367,46.20000076293945,46.52999877929688,1867000
2024-01-18,45.474571228027344,47.65999984741211,47.7400016784668,47.11000061035156,47.63999938964844,1323300
2024-01-19,46.047061920166016,48.2599983215332,48.45000076293945,47.06999969482422,47.72999954223633,1531700
2024-01-22,46.16156005859375,48.380001068115234,48.810001373291016,48.130001068115234,48.56999969482422,1517800
2024-01-23,46.094764709472656,48.310001373291016,49.18999862670898,47.91999816894531,48.91999816894531,1167700
2024-01-24,45.91347885131836,48.119998931884766,48.810001373291016,48.02000045776367,48.790000915527344,1098600
2024-01-25,47.78360748291016,50.08000183105469,50.33000183105469,48.619998931884766,48.88999938964844,1694100
2024-01-26,48.766380310058594,51.11000061035156,51.470001220703125,50.47999954223633,50.61000061035156,1578800
2024-01-29,49.05261993408203,51.40999984741211,51.4900016784668,50.72999954223633,51.060001373291016,1396100
2024-01-30,48.3560905456543,50.68000030517578,51.29999923706055,50.619998931884766,51.15999984741211,1172400
2024-01-31,47.35955810546875,48.95000076293945,50.380001068115234,48.81999969482422,49.97999954223633,2040600
2024-02-01,48.32706832885742,49.95000076293945,50.060001373291016,48.83000183105469,49.119998931884766,1043700
2024-02-02,48.443172454833984,50.06999969482422,50.630001068115234,48.93000030517578,49.56999969482422,1279500
2024-02-05,47.54338836669922,49.13999938964844,49.52000045776367,48.08000183105469,49.52000045776367,1526300
2024-02-06,47.64014053344727,49.2400016784668,49.900001525878906,48.91999816894531,49.150001525878906,1526400
2024-02-07,48.2786979675293,49.900001525878906,50.369998931884766,48.880001068115234,49.209999084472656,1727600
2024-02-08,49.033348083496094,50.68000030517578,51.310001373291016,50.22999954223633,50.290000915527344,1476900
2024-02-09,48.94627380371094,50.59000015258789,51.09999847412109,50.22999954223633,50.79999923706055,1443300
2024-02-12,49.623531341552734,51.290000915527344,51.65999984741211,50.310001373291016,50.5,3155900
2024-02-13,48.95594787597656,50.59999847412109,50.68000030517578,46.09000015258789,46.150001525878906,7515500
2024-02-14,50.97804260253906,52.68999862670898,52.720001220703125,50.13999938964844,50.5,3748900
2024-02-15,49.39132690429688,51.04999923706055,53.09000015258789,50.209999084472656,52.79999923706055,2889400
2024-02-16,49.13010025024414,50.77999877929688,51.18000030517578,50.400001525878906,50.5099983215332,1330900
2024-02-20,48.559268951416016,50.18999862670898,50.650001525878906,49.72999954223633,50.33000183105469,1649200
2024-02-21,48.462520599365234,50.09000015258789,50.720001220703125,49.7400016784668,49.880001068115234,1467400
2024-02-22,48.53024291992188,50.15999984741211,50.369998931884766,49.09000015258789,50.29999923706055,1672200
2024-02-23,47.97876739501953,49.59000015258789,50.619998931884766,49.59000015258789,50.38999938964844,1651500
2024-02-26,47.088653564453125,48.66999816894531,49.66999816894531,48.63999938964844,49.650001525878906,1407800
2024-02-27,48.64634704589844,50.27999877929688,50.540000915527344,48.720001220703125,48.810001373291016,1992400
2024-02-28,48.78179550170898,50.41999816894531,51.0,49.619998931884766,49.720001220703125,1200500
2024-02-29,48.65602111816406,50.290000915527344,51.41999816894531,50.27000045776367,50.970001220703125,2028700
2024-03-01,48.6173210144043,50.25,50.84000015258789,49.209999084472656,50.25,1324200
2024-03-04,48.73341751098633,50.369998931884766,50.970001220703125,50.06999969482422,50.06999969482422,1643800
2024-03-05,49.08172607421875,50.72999954223633,50.790000915527344,49.86000061035156,49.93999862670898,1303500
2024-03-06,49.671905517578125,51.34000015258789,51.630001068115234,50.5099983215332,51.06999969482422,1176900
2024-03-07,49.69125747680664,51.36000061035156,52.209999084472656,51.02999877929688,51.5099983215332,1581500
2024-03-08,50.06858444213867,51.75,52.459999084472656,50.88999938964844,51.77999877929688,1680700
2024-03-11,50.861942291259766,52.56999969482422,53.18000030517578,51.2599983215332,51.40999984741211,1801500
2024-03-12,51.36505126953125,53.09000015258789,53.150001525878906,51.77000045776367,52.470001220703125,1257400
2024-03-13,51.316673278808594,53.040000915527344,53.58000183105469,52.810001373291016,52.810001373291016,1287700
2024-03-14,51.24894332885742,52.970001220703125,53.130001068115234,52.470001220703125,52.90999984741211,1676900
2024-03-15,51.57789993286133,53.310001373291016,53.84999847412109,52.61000061035156,52.77000045776367,3942900
2024-03-18,51.55854797363281,53.290000915527344,53.470001220703125,52.95000076293945,53.25,1230300
2024-03-19,52.593780517578125,54.36000061035156,54.41999816894531,53.33000183105469,53.33000183105469,1286600
2024-03-20,52.516380310058594,54.27999877929688,54.68999862670898,53.90999984741211,54.220001220703125,1216000
2024-03-21,54.238548278808594,56.060001373291016,56.11000061035156,54.310001373291016,54.33000183105469,1685100
2024-03-22,53.05818557739258,54.84000015258789,56.2599983215332,54.70000076293945,56.09000015258789,1212700
2024-03-25,54.10309219360352,55.91999816894531,56.0,54.52999877929688,54.52999877929688,2592700
2024-03-26,52.83565902709961,54.61000061035156,56.22999954223633,54.04999923706055,56.15999984741211,1360700
2024-03-27,54.644901275634766,56.47999954223633,56.61000061035156,54.86000061035156,54.9900016784668,1298600
2024-03-28,54.68360137939453,56.52000045776367,57.040000915527344,56.15999984741211,56.4900016784668,1079900
2024-04-01,54.43204879760742,56.2599983215332,56.41999816894531,55.59999847412109,56.209999084472656,1134300
2024-04-02,53.93861770629883,55.75,56.0,55.16999816894531,56.0,1052200
2024-04-03,53.63869094848633,55.43999862670898,55.900001525878906,54.63999938964844,55.68999862670898,2001800
2024-04-04,54.03536987304688,55.84999847412109,57.0,55.33000183105469,56.09000015258789,1741700
2024-04-05,54.58684921264648,56.41999816894531,56.9900016784668,55.709999084472656,56.08000183105469,1517900
2024-04-08,55.71883392333984,57.59000015258789,58.16999816894531,56.90999984741211,57.0,1867200
2024-04-09,55.46728897094727,57.33000183105469,58.4900016784668,57.310001373291016,57.59999847412109,1171400
2024-04-10,54.93515396118164,56.77999877929688,57.310001373291016,55.790000915527344,56.310001373291016,1542600
2024-04-11,54.40302276611328,56.22999954223633,56.88999938964844,54.959999084472656,56.88999938964844,1619900
2024-04-12,53.98699569702149,55.79999923706055,56.310001373291016,55.43000030517578,56.0099983215332,1636900
2024-04-15,53.78382110595703,55.59000015258789,57.02000045776367,55.2400016784668,56.650001525878906,1197400
2024-04-16,53.24201202392578,55.02999877929688,55.77000045776367,54.84999847412109,55.29999923706055,971800
2024-04-17,53.03883743286133,54.81999969482422,55.58000183105469,54.720001220703125,55.11000061035156,1081200
2024-04-18,53.15493774414063,54.93999862670898,55.47999954223633,54.2599983215332,55.47999954223633,1422500
2024-04-19,53.47421646118164,55.27000045776367,55.65999984741211,54.75,54.86000061035156,1486400
2024-04-22,54.0837516784668,55.900001525878906,56.2400016784668,55.16999816894531,55.52999877929688,1401200
2024-04-23,56.2509651184082,58.13999938964844,58.25,56.0099983215332,56.25,3189000
2024-04-24,62.9171028137207,65.02999877929688,66.37999725341797,63.18000030517578,63.5,7253300
2024-04-25,62.85905456542969,64.97000122070312,65.2699966430664,63.209999084472656,64.98999786376953,2374900
2024-04-26,62.375301361083984,64.47000122070312,64.80000305175781,63.4900016784668,64.56999969482422,1881800
2024-04-29,62.19147109985352,64.27999877929688,64.68000030517578,63.84000015258789,64.51000213623047,1657000
2024-04-30,59.96126174926758,61.29999923706055,63.619998931884766,61.18999862670898,63.310001373291016,1624900
2024-05-01,59.0222282409668,60.34000015258789,61.470001220703125,59.9900016784668,60.97999954223633,1202800
2024-05-02,59.8438835144043,61.18000030517578,62.150001525878906,60.15999984741211,61.2400016784668,1542900
2024-05-03,60.1373291015625,61.47999954223633,62.16999816894531,61.0,61.72999954223633,1327900
2024-05-06,59.57978057861328,60.90999984741211,62.02000045776367,60.79999923706055,61.79999923706055,991900
2024-05-07,59.824317932128906,61.15999984741211,61.470001220703125,60.79999923706055,61.04999923706055,903200
2024-05-08,59.98082733154297,61.31999969482422,61.720001220703125,60.4900016784668,60.720001220703125,928800
2024-05-09,59.6873779296875,61.02000045776367,61.630001068115234,60.84000015258789,61.34000015258789,739300
2024-05-10,58.77768707275391,60.09000015258789,61.11000061035156,59.709999084472656,61.11000061035156,836900
2024-05-13,59.63846969604492,60.970001220703125,61.11000061035156,60.09999847412109,60.54999923706055,826900
2024-05-14,60.822044372558594,62.18000030517578,62.709999084472656,61.61000061035156,61.72999954223633,1394500
2024-05-15,59.18851089477539,60.5099983215332,62.22999954223633,60.02000045776367,62.150001525878906,2051900
2024-05-16,58.18101119995117,59.47999954223633,60.56999969482422,59.15999984741211,60.4900016784668,1480400
2024-05-17,58.81681442260742,60.130001068115234,60.18999862670898,58.90999984741211,59.63999938964844,1412000
2024-05-20,60.7242317199707,62.08000183105469,62.34000015258789,60.7400016784668,60.93999862670898,1940900
2024-05-21,61.1154899597168,62.47999954223633,62.86000061035156,61.52999877929688,61.88999938964844,1457200
2024-05-22,59.01244735717773,60.33000183105469,61.7400016784668,59.93999862670898,61.7400016784668,2008900
2024-05-23,59.03200912475586,60.34999847412109,62.650001525878906,59.59999847412109,62.5,1775200
2024-05-24,59.33523941040039,60.65999984741211,60.79999923706055,59.959999084472656,60.52999877929688,1488000
2024-05-28,60.40143585205078,61.75,61.77000045776367,60.06999969482422,60.65999984741211,1555100
2024-05-29,58.91462707519531,60.22999954223633,61.22999954223633,59.77999877929688,61.040000915527344,1572900
2024-05-30,58.98310089111328,60.29999923706055,60.650001525878906,58.720001220703125,60.34999847412109,2285400
2024-05-31,58.474456787109375,59.77999877929688,61.04999923706055,59.41999816894531,60.470001220703125,14545000
2024-06-03,57.3886947631836,58.66999816894531,59.88999938964844,58.09000015258789,59.77999877929688,2061600
2024-06-04,56.23447036743164,57.4900016784668,58.47999954223633,57.36000061035156,58.18999862670898,2101200
2024-06-05,57.29088592529297,58.56999969482422,58.59000015258789,56.61000061035156,57.52999877929688,2078000
2024-06-06,57.11481094360352,58.38999938964844,58.79999923706055,58.209999084472656,58.45000076293945,1552700
2024-06-07,57.17350387573242,58.45000076293945,58.880001068115234,58.02000045776367,58.02000045776367,1132800
2024-06-10,57.20284652709961,58.47999954223633,58.83000183105469,57.72999954223633,58.290000915527344,1166900
2024-06-11,57.11481094360352,58.38999938964844,58.7599983215332,58.20000076293945,58.22999954223633,884400
2024-06-12,57.036563873291016,58.310001373291016,59.560001373291016,58.18000030517578,59.33000183105469,1479600
2024-06-13,56.75289535522461,58.02000045776367,59.119998931884766,57.77999877929688,58.470001220703125,982900
2024-06-14,60.15689468383789,61.5,61.68000030517578,59.380001068115234,60.29999923706055,4205100
2024-06-17,60.23514938354492,61.58000183105469,62.20000076293945,60.84999847412109,61.16999816894531,1962500
2024-06-18,59.33523941040039,60.65999984741211,61.84000015258789,60.59999847412109,61.83000183105469,1600900
2024-06-20,59.29611206054688,60.619998931884766,61.060001373291016,60.36000061035156,60.70000076293945,1817400
2024-06-21,60.90029525756836,62.2599983215332,62.27999877929688,60.18999862670898,60.68999862670898,2202600
2024-06-24,60.43077850341797,61.77999877929688,62.59000015258789,61.58000183105469,62.2599983215332,1372400
2024-06-25,58.10275650024414,59.400001525878906,61.7599983215332,59.380001068115234,61.66999816894531,1243000
2024-06-26,56.76267623901367,58.02999877929688,59.68000030517578,57.83000183105469,59.18000030517578,1443900
2024-06-27,56.88983917236328,58.15999984741211,58.29999923706055,57.540000915527344,57.79999923706055,1041000
2024-06-28,57.222412109375,58.5,59.22999954223633,58.06999969482422,58.459999084472656,5116600
2024-07-01,56.26381301879883,57.52000045776367,58.61000061035156,57.400001525878906,58.43999862670898,1034900
2024-07-02,55.81386184692383,57.060001373291016,57.369998931884766,56.119998931884766,57.25,1091200
2024-07-03,55.784515380859375,57.02999877929688,57.459999084472656,56.130001068115234,57.060001373291016,826400
2024-07-05,55.354122161865234,56.59000015258789,56.790000915527344,55.900001525878906,56.65999984741211,1141800
2024-07-08,55.58888244628906,56.83000183105469,57.22999954223633,56.560001373291016,56.66999816894531,1122700
2024-07-09,55.30521774291992,56.540000915527344,57.38999938964844,56.459999084472656,56.470001220703125,1458600
2024-07-10,55.90189743041992,57.150001525878906,57.58000183105469,56.630001068115234,56.77000045776367,910000
2024-07-11,57.30066680908203,58.58000183105469,58.72999954223633,57.41999816894531,57.45000076293945,1239600
2024-07-12,58.435333251953125,59.7400016784668,60.27000045776367,58.810001373291016,58.90999984741211,1107900
2024-07-15,58.21035385131836,59.5099983215332,60.02000045776367,59.0,60.0,1222600
2024-07-16,60.76335525512695,62.119998931884766,62.13999938964844,59.52999877929688,59.70000076293945,2019500
2024-07-17,59.34502029418945,60.66999816894531,62.380001068115234,60.540000915527344,61.97999954223633,1754500
2024-07-18,58.943973541259766,60.2599983215332,61.619998931884766,59.84000015258789,60.459999084472656,1038700
2024-07-19,57.71149444580078,59.0,60.04999923706055,58.52000045776367,60.04999923706055,1253700
2024-07-22,58.54292678833008,59.84999847412109,61.33000183105469,58.0,59.47999954223633,3558400
2024-07-23,57.0072135925293,58.27999877929688,59.47999954223633,58.13999938964844,59.38999938964844,1314900
2024-07-24,58.122318267822266,59.41999816894531,59.97999954223633,58.68000030517578,58.68000030517578,2253700
2024-07-25,60.17646026611328,61.52000045776367,65.12000274658203,60.52000045776367,64.44999694824219,4099000
2024-07-26,62.45557403564453,63.84999847412109,63.88999938964844,61.25,62.310001373291016,2088400
2024-07-29,63.28700637817383,64.69999694824219,64.93000030517578,63.220001220703125,64.22000122070312,1780300
2024-07-30,64.0793228149414,65.51000213623047,65.80000305175781,64.37999725341797,64.9000015258789,1625200
2024-07-31,63.05224990844727,64.45999908447266,66.01000213623047,64.18000030517578,65.51000213623047,2244300
2024-08-01,63.59024429321289,65.01000213623047,65.61000061035156,64.20999908447266,64.3499984741211,1200400
2024-08-02,62.07408905029297,63.459999084472656,64.58999633789062,62.619998931884766,64.12000274658203,1630900
2024-08-05,61.47740936279297,62.84999847412109,63.27999877929688,59.880001068115234,62.06999969482422,2182200
2024-08-06,62.3088493347168,63.70000076293945,64.73999786376953,62.869998931884766,63.02000045776367,1514600
2024-08-07,61.72195053100586,63.09999847412109,64.94999694824219,63.02999877929688,64.37000274658203,798600
2024-08-08,62.621856689453125,64.0199966430664,64.26000213623047,63.209999084472656,63.34999847412109,1093800
2024-08-09,62.866397857666016,64.2699966430664,64.44000244140625,63.61000061035156,63.91999816894531,1313200
2024-08-12,61.7121696472168,63.09000015258789,64.23999786376953,62.68999862670898,64.08999633789062,993800
2024-08-13,62.67076873779297,64.06999969482422,64.18000030517578,63.209999084472656,63.27000045776367,876500
2024-08-14,63.20875930786133,64.62000274658203,65.08000183105469,64.22000122070312,64.22000122070312,977400
2024-08-15,64.59774017333984,66.04000091552734,66.20999908447266,65.37000274658203,65.37000274658203,1364000
2024-08-16,64.89118957519531,66.33999633789062,66.6500015258789,65.6500015258789,65.81999969482422,965000
2024-08-19,64.88141632080078,66.33000183105469,66.56999969482422,65.94000244140625,66.37999725341797,782400
2024-08-20,64.44123840332031,65.87999725341797,66.45999908447266,65.61000061035156,66.45999908447266,846800
2024-08-21,65.81548309326172,66.56999969482422,66.58000183105469,65.44000244140625,65.79000091552734,810100
2024-08-22,66.06265258789062,66.81999969482422,67.37000274658203,66.45999908447266,67.0,856700
2024-08-23,67.2490463256836,68.0199966430664,68.06999969482422,67.0199966430664,67.12999725341797,808300
2024-08-26,67.7334976196289,68.51000213623047,69.2300033569336,68.1500015258789,68.29000091552734,949200
2024-08-27,67.17984008789062,67.94999694824219,68.8499984741211,67.5,67.9800033569336,1214800
2024-08-28,66.95245361328125,67.72000122070312,68.0199966430664,67.16999816894531,67.94999694824219,734600
2024-08-29,67.2589340209961,68.02999877929688,68.83000183105469,67.27999877929688,67.72000122070312,1184200
2024-08-30,67.38746643066406,68.16000366210938,68.27999877929688,67.22000122070312,68.19000244140625,1240200
2024-09-03,66.49766540527344,67.26000213623047,68.30000305175781,67.05000305175781,68.16000366210938,1359100
2024-09-04,67.2193832397461,67.98999786376953,68.2699966430664,67.26000213623047,67.33000183105469,1103600
2024-09-05,67.03154754638672,67.80000305175781,68.13999938964844,67.05999755859375,68.05000305175781,840200
2024-09-06,65.74627685546875,66.5,68.2699966430664,66.16000366210938,67.80999755859375,1013600
2024-09-09,66.86346435546875,67.62999725341797,68.2699966430664,66.20999908447266,66.52999877929688,1091800
2024-09-10,66.83380889892578,67.5999984741211,67.75,66.80000305175781,67.62999725341797,890200
2024-09-11,66.65584564208984,67.41999816894531,67.52999877929688,65.83999633789062,67.26000213623047,1055300
2024-09-12,66.5470962524414,67.30999755859375,68.11000061035156,67.23999786376953,67.38999938964844,1628000
2024-09-13,67.95100402832031,68.7300033569336,69.12999725341797,67.72000122070312,67.7699966430664,1235600
2024-09-16,68.99898529052734,69.79000091552734,71.33000183105469,69.6500015258789,69.7300033569336,2160200
2024-09-17,69.62184143066406,70.41999816894531,70.70999908447266,69.66000366210938,70.0999984741211,1188900
2024-09-18,70.35346221923828,71.16000366210938,72.19999694824219,70.72000122070312,70.83999633789062,1251400
2024-09-19,71.0059814453125,71.81999969482422,72.25,70.8499984741211,72.25,1123600
2024-09-20,70.40289306640625,71.20999908447266,71.73999786376953,70.7300033569336,71.30000305175781,1349900
2024-09-23,70.65995025634766,71.47000122070312,72.26000213623047,71.20999908447266,71.52999877929688,974800
2024-09-24,71.13450622558594,71.94999694824219,72.13999938964844,71.18000030517578,71.5199966430664,1074700
2024-09-25,70.43254852294922,71.23999786376953,71.7699966430664,70.47000122070312,71.62000274658203,1146200
2024-09-26,71.1740493774414,71.98999786376953,72.41000366210938,71.54000091552734,71.62000274658203,898100
2024-09-27,71.28280639648438,72.0999984741211,72.80000305175781,71.81999969482422,72.16999816894531,837000
2024-09-30,71.50031280517578,72.31999969482422,72.51000213623047,71.06999969482422,71.94000244140625,1525200
2024-10-01,72.06385040283203,72.88999938964844,73.45999908447266,72.0199966430664,72.91999816894531,2136800
2024-10-02,71.53985595703125,72.36000061035156,73.12000274658203,72.0199966430664,72.5999984741211,1285100
2024-10-03,70.9862060546875,71.80000305175781,72.81999969482422,71.61000061035156,72.69999694824219,1148600
2024-10-04,71.49042510986328,72.30999755859375,72.56999969482422,71.1500015258789,72.4800033569336,1291300
2024-10-07,71.66838073730469,72.48999786376953,72.83000183105469,71.98999786376953,71.98999786376953,1944100
2024-10-08,71.29269409179688,72.11000061035156,72.9800033569336,71.11000061035156,72.6500015258789,901300
2024-10-09,71.42121887207031,72.23999786376953,72.54000091552734,71.79000091552734,72.0,584700
2024-10-10,71.52008056640625,72.33999633789062,72.55999755859375,72.0,72.12999725341797,808600
2024-10-11,71.31246185302734,72.12999725341797,72.81999969482422,72.0,72.33999633789062,704600
2024-10-14,70.7588119506836,71.56999969482422,71.9800033569336,70.91000366210938,71.80000305175781,766700
2024-10-15,70.82801818847656,71.63999938964844,73.05000305175781,71.5199966430664,71.77999877929688,1164800
2024-10-16,70.7983627319336,71.61000061035156,72.31999969482422,71.43000030517578,71.63999938964844,1388300
2024-10-17,70.99609375,71.80999755859375,71.91000366210938,71.27999877929688,71.63999938964844,1294500
2024-10-18,72.11328887939453,72.94000244140625,72.98999786376953,71.26000213623047,71.88999938964844,1241400
2024-10-21,71.12461853027344,71.94000244140625,73.19999694824219,71.58000183105469,73.05000305175781,1163200
2024-10-22,70.23481750488281,71.04000091552734,71.87999725341797,70.86000061035156,71.83000183105469,1300900
2024-10-23,69.53286743164062,70.33000183105469,71.80999755859375,70.16000366210938,70.7699966430664,2174900
2024-10-24,65.3508071899414,66.0999984741211,70.61000061035156,65.86000061035156,70.44999694824219,3237200
2024-10-25,65.66718292236328,66.41999816894531,68.45999908447266,66.30999755859375,66.7699966430664,2267200
2024-10-28,65.05421447753906,65.80000305175781,67.0,65.0,66.66999816894531,2442900
2024-10-29,64.8861312866211,65.62999725341797,66.44000244140625,65.02999877929688,65.2300033569336,1678000
2024-10-30,65.89457702636719,66.6500015258789,67.36000061035156,64.87000274658203,65.22000122070312,1518100
2024-10-31,64.8861312866211,65.62999725341797,66.66999816894531,65.61000061035156,66.41999816894531,1132400
2024-11-01,65.07398223876953,65.81999969482422,66.08999633789062,65.0,65.9000015258789,1363700
2024-11-04,65.31126403808594,66.05999755859375,67.05000305175781,65.86000061035156,65.91000366210938,1210100
2024-11-05,66.20106506347656,66.95999908447266,66.98999786376953,65.69999694824219,66.05999755859375,1205800
2024-11-06,62.77039337158203,63.4900016784668,67.75,62.619998931884766,67.4000015258789,2295600
2024-11-07,63.41302490234375,64.13999938964844,64.62999725341797,63.59999847412109,64.13999938964844,1187700
2024-11-08,63.65030288696289,64.37999725341797,64.55999755859375,63.70000076293945,63.84000015258789,1060700
2024-11-11,63.42291259765625,64.1500015258789,64.77999877929688,64.01000213623047,64.69000244140625,1556500
2024-11-12,62.7011833190918,63.41999816894531,64.19999694824219,63.13999938964844,64.0199966430664,1367900
2024-11-13,62.07832717895508,62.790000915527344,64.4000015258789,62.63999938964844,63.36000061035156,1824300
2024-11-14,62.34526824951172,63.060001373291016,63.459999084472656,62.27999877929688,62.7599983215332,1111100
2024-11-15,61.50489807128906,62.209999084472656,63.18999862670898,62.13999938964844,62.869998931884766,1168500
2024-11-18,60.99079132080078,61.68999862670898,62.470001220703125,61.58000183105469,62.29999923706055,1484100
2024-11-19,61.05999755859375,61.7599983215332,61.959999084472656,60.84000015258789,61.20000076293945,1341400
2024-11-20,61.84999847412109,61.84999847412109,61.880001068115234,60.5099983215332,60.630001068115234,1570400
2024-11-21,61.90999984741211,61.90999984741211,62.150001525878906,61.4900016784668,61.900001525878906,1495500
2024-11-22,62.52000045776367,62.52000045776367,62.59999847412109,61.84000015258789,61.90999984741211,2107500
2024-11-25,64.3499984741211,64.3499984741211,65.06999969482422,63.0,63.06999969482422,2000600
2024-11-26,64.0,64.0,64.05000305175781,62.880001068115234,64.01000213623047,1631200
2024-11-27,63.88999938964844,63.88999938964844,64.61000061035156,63.47999954223633,64.4800033569336,1017800
2024-11-29,65.1500015258789,65.1500015258789,66.29000091552734,64.62999725341797,66.0,1492300
2024-12-02,64.7300033569336,64.7300033569336,66.18000030517578,64.25,65.1500015258789,1414600
2024-12-03,65.31999969482422,65.31999969482422,65.45999908447266,64.43000030517578,64.62999725341797,1130800
2024-12-04,67.26000213623047,67.26000213623047,67.5,65.2699966430664,65.33999633789062,2165400
2024-12-05,67.0999984741211,67.0999984741211,67.83000183105469,66.6500015258789,67.43000030517578,1666400
2024-12-06,65.9800033569336,65.9800033569336,67.47000122070312,65.87999725341797,67.25,1559900
2024-12-09,64.9800033569336,64.9800033569336,66.72000122070312,64.87999725341797,66.1500015258789,1218700
2024-12-10,65.36000061035156,65.36000061035156,65.86000061035156,64.80000305175781,64.91000366210938,1044100
2024-12-11,64.37999725341797,64.37999725341797,66.0,64.33999633789062,65.80999755859375,1752500
2024-12-12,64.05000305175781,64.05000305175781,64.69000244140625,63.33000183105469,63.70000076293945,2121000
2024-12-13,61.7599983215332,61.7599983215332,64.0,61.43999862670898,63.77000045776367,1971900
2024-12-16,60.81999969482422,60.81999969482422,61.88999938964844,60.11000061035156,61.70000076293945,2185900
2024-12-17,60.150001525878906,60.150001525878906,60.83000183105469,59.75,60.47999954223633,1753300
2024-12-18,58.11000061035156,58.11000061035156,60.56999969482422,58.04999923706055,60.02000045776367,1660800
2024-12-19,56.5099983215332,56.5099983215332,58.650001525878906,56.470001220703125,58.220001220703125,1896400
2024-12-20,57.58000183105469,57.58000183105469,57.900001525878906,56.43000030517578,56.45000076293945,5977300
2024-12-23,,56.77999877929688,57.33000183105469,56.47999954223633,57.0099983215332,1495700
2024-12-24,,57.150001525878906,57.27999877929688,56.09999847412109,56.79999923706055,696100
2024-12-26,,57.0,57.56999969482422,56.459999084472656,56.630001068115234,1029400
2024-12-27,,56.70000076293945,57.36000061035156,56.560001373291016,57.0,1139300
2024-12-30,,55.709999084472656,56.5099983215332,55.560001373291016,56.5099983215332,1390400
2024-12-31,,55.90999984741211,56.31999969482422,55.66999816894531,55.7400016784668,1018200
2025-01-02,,56.43000030517578,56.83000183105469,55.77999877929688,56.52999877929688,1675500
2025-01-03,,56.79999923706055,58.150001525878906,56.40999984741211,56.720001220703125,1125000
2025-01-06,,56.88999938964844,58.04999923706055,56.59999847412109,57.22999954223633,1324700
2025-01-07,,57.11000061035156,57.810001373291016,56.75,57.34000015258789,1983000
2025-01-08,,57.11000061035156,57.16999816894531,56.0,57.02999877929688,1239500
2025-01-10,,57.040000915527344,57.43000030517578,56.65999984741211,56.86000061035156,1167900
